#
-0.099155,0.517331,0.480694,-0.429900
0.224348,0.363412,0.000000,0.039432
-0.339067,0.000000,0.037514,-0.101786
0.146108,0.000000,-0.001723,0.137213
0.000000,-0.003295,0.000000,0.339524
0.509932,-0.470611,0.136101,0.000000
-0.597506,0.322809,0.403295,-0.084486
0.172341,0.116161,0.000000,-0.518382
0.119224,0.282354,-0.139722,-0.157451
-0.439330,-0.181617,-0.073352,-0.089556
0.000000,-0.077988,0.599049,0.048881
0.360015,0.036616,0.205219,-0.196507
-0.611493,0.000000,-0.261608,0.018394
0.057472,-0.039216,0.148303,-0.053091
-0.155371,-0.147889,-0.315647,0.165003
#
0.891065,-0.178955,-1.000000
-0.224027,0.438311,-1.000000
0.100338,0.137425,-0.209795
-0.370369,0.136762,-0.192023