#
-0.106344,0.000000,-0.331956,0.000000
-0.124584,0.685820,0.000000,0.000000
0.004115,0.000000,-0.251279,0.000000
-0.198630,0.000000,0.461392,0.000000
-0.259570,0.231373,0.000000,0.000000
0.290861,0.166626,-0.230972,-0.594512
-0.050762,-0.306838,0.000000,0.000000
-0.095750,0.000000,0.000000,0.000000
0.000000,0.000000,-0.017519,0.670848
0.000000,0.252832,0.000000,0.000000
-0.232174,-0.246437,0.310757,0.000000
0.025426,0.000000,0.000000,0.190139
0.000000,0.000000,0.000000,0.148557
0.124743,0.057994,0.000000,0.248278
0.000000,0.556774,0.000000,0.014248
#
-0.354725,0.499096,0.394069
0.438249,-0.302352,0.470624
-0.278001,0.354673,-1.000000
0.465469,-0.422009,-0.373440