#
0.101739,0.000000,0.000000,0.000000
0.080706,0.000000,0.000000,0.000000
0.000000,-0.289748,0.000000,0.000000
0.205650,0.000000,0.000000,-0.001809
0.136518,0.074443,0.000000,0.000000
0.000000,0.000000,0.000000,0.000000
-0.182465,0.000000,0.590330,0.000000
0.000000,0.000000,-0.081923,0.158080
0.000000,0.000000,-0.420609,0.000000
0.000000,0.000000,-0.323092,0.000000
-0.256279,-0.111053,0.000000,0.000000
0.000000,0.000000,0.113225,0.000000
0.000000,0.000000,0.000000,0.000000
0.000000,0.000000,0.000000,0.000000
-0.041027,0.000000,0.304903,-0.274576
#
-0.973936,-0.207611,0.251959
-0.271056,-0.934817,0.067763
-0.246813,-0.093050,-0.627000
-0.410099,-0.360407,0.000000