#
0.171586,-0.198618,-0.380328,-0.100589
0.394260,-0.214275,0.075994,-0.583256
0.525793,0.047674,-0.081086,0.731732
-0.472345,0.171160,0.000000,-0.325247
-0.476181,0.000000,-0.011956,-0.247128
0.487586,-0.016555,-0.216284,0.472172
-0.363112,-0.427528,-0.495569,-0.086324
0.298098,0.182585,0.705635,0.078482
0.447482,-0.426252,-0.331557,0.330108
0.044832,0.533680,0.121558,0.182485
-0.420952,-0.330728,0.651391,-0.154121
0.000000,-0.097058,0.132744,0.355362
0.343877,0.290664,0.126531,-0.392166
0.187955,0.059889,-0.137100,-0.144223
0.024575,-0.049882,0.078507,0.019518
#
-0.901327,-0.135640,0.252748
-1.000000,0.226971,1.000000
0.443212,0.060477,-1.000000
-0.234832,0.902390,0.909382