#
-0.311183,0.303656,0.000000,-0.345436,0.000000,0.624097,0.276722,0.161650
0.000000,-0.035107,-0.010752,0.220683,0.371595,0.000000,0.245686,0.000000
0.000000,-0.403480,0.512031,0.000000,0.344222,0.000000,0.000000,0.000000
0.000000,0.027421,-0.249638,-0.115331,0.000000,0.000000,-0.897926,0.160014
0.000000,-0.465103,-0.040986,0.108630,-0.306671,-0.292353,-0.488359,-0.212709
-0.331747,-0.146422,0.192552,-0.307310,-0.159159,0.125797,0.479192,0.002146
-0.309412,0.114355,-0.058679,0.000000,0.411640,0.083580,0.000000,-0.115944
-0.155418,0.263179,0.000000,0.000000,-0.348702,0.117530,0.000000,0.801305
0.295255,-0.333431,-0.200141,0.000000,0.345554,0.198149,0.000000,0.531828
-0.077463,0.000000,0.110861,0.000000,-0.086109,-0.103584,0.187527,-0.049871
-0.014324,0.149085,0.071856,0.000000,0.000000,-0.320606,-0.215205,-0.135003
-0.118213,0.413411,-0.047327,0.000000,0.288472,0.243715,0.093054,0.000000
0.000000,-0.119333,-0.139838,0.000000,-0.400132,-0.386245,-0.014433,-0.049800
0.000000,-0.255856,0.151533,-0.036989,0.159580,0.428270,0.056695,0.000000
-0.466611,-0.015341,0.000000,-0.142006,0.000000,0.109575,-0.028278,-0.041543
0.108410,0.000000,-0.300710,0.000000,0.203129,-0.267645,-0.059729,-0.018213
-0.411470,-0.245139,0.068385,0.078005,0.000000,-0.092287,0.000000,0.551580
-0.150895,0.000000,-0.300363,-0.027277,0.000000,0.000000,0.435891,0.004959
#
0.260657,-0.494133,0.462653
0.965296,0.543396,0.443059
0.766193,0.467314,-0.551562
-0.209429,-0.049969,0.958866
-0.665628,1.000000,-0.044207
-0.619186,0.033214,0.217624
0.355951,0.073713,-0.618194
0.160323,0.001371,-0.458612