#
0.154200,-0.083447,0.000000,-0.138019,0.222313,-0.449620,0.025993,-0.162463
0.000000,0.330468,0.000000,0.001120,-0.085807,0.404890,-0.157093,-0.037057
-0.335454,0.138826,-0.312133,0.279610,0.275836,-0.635533,-0.952683,0.004039
-0.163611,-0.286222,0.189203,0.303194,-0.010660,0.316025,0.001538,0.159383
-0.030293,-0.392666,-0.251287,0.601699,0.030317,0.000000,0.270169,0.000000
-0.240396,0.187652,-0.053004,-0.050566,-0.179526,-0.166352,0.777180,0.255039
-0.018346,0.397599,0.000000,0.000000,0.000000,0.000000,-0.118472,0.069093
0.159846,0.197267,-0.270082,0.000000,0.093959,0.000000,-0.217412,0.000000
0.381015,-0.398237,0.000000,0.000000,0.000000,-0.109438,-0.608244,0.839893
0.010332,-0.272079,0.115449,0.072783,-0.428112,0.045350,-0.094172,0.028489
0.000000,0.000000,0.414044,0.000000,0.272493,0.000000,-0.336831,0.162958
0.000000,-0.149420,0.184309,0.168844,-0.240824,-0.075668,0.045474,-0.001003
0.031209,0.233055,0.127174,0.000000,-0.032347,0.444441,0.000000,0.000000
-0.279254,0.219266,0.000000,0.000000,0.000000,-0.010781,0.016103,-0.093786
-0.135390,0.004865,0.000000,0.195306,0.153457,-0.124627,0.423942,0.126976
0.000000,0.000000,0.267533,0.213682,-0.212450,-0.042907,0.405673,-0.204877
0.158080,0.033735,-0.397177,0.169404,0.000000,0.221967,-0.187013,0.255042
0.000000,-0.720071,0.007477,0.023668,0.000000,0.092964,0.000000,0.723142
#
0.428631,0.735662,-0.930644
-0.503042,-0.308026,1.000000
-0.916761,-0.853005,0.070704
-0.074237,-0.211675,0.365964
-0.353297,0.050388,0.093949
-0.085517,0.120098,-0.672653
0.180685,-0.198011,-0.908846
0.590452,0.521931,0.110409