#
0.980795,1.000000,-0.063769
0.702142,-1.000000,-0.525647
0.227424,0.865046,0.304821
-0.183988,-1.000000,0.126991
0.454168,0.374946,0.964168
-0.446789,-1.000000,0.072096
-0.571635,0.718566,0.938753
-1.000000,0.823326,-0.757362
-0.172452,-0.971506,-0.863265
0.270536,0.050434,1.000000
-0.583562,0.311385,0.776645
-0.120846,1.000000,0.661984
-0.591725,1.000000,-1.000000
0.763059,-0.994178,-0.771400
1.000000,0.919033,0.043448
-1.000000,0.521433,-0.291357
1.000000,-0.304666,-0.232509
-0.660740,1.000000,0.584631
-1.000000,-0.157971,0.639853
0.589866,0.027084,-0.235100
-0.794718,0.680558,-0.124731
-0.913186,0.726338,0.245789
-0.755512,0.065678,0.617652
-0.004690,0.258730,0.803815
-1.000000,-0.573076,0.781610
#
0.359113,0.294991
-1.000000,0.789148
0.441686,0.086010