#
-1.000000,0.630401,0.482627
0.719449,-1.000000,1.000000
-1.000000,0.665220,0.456864
0.911164,0.246049,-0.896637
-0.778912,-0.536494,-0.200916
1.000000,1.000000,-0.785503
0.280285,0.847763,-0.600057
-0.956621,-0.303453,0.402693
-0.437154,0.546061,0.361276
-0.853670,0.358198,-0.330988
0.533131,0.745948,-0.759136
1.000000,0.138141,0.271391
-0.533337,0.335952,-0.373379
0.253689,0.234694,0.130904
0.209702,-1.000000,-0.709619
0.603260,0.295169,-0.219928
0.679756,0.801039,-0.122961
0.282865,1.000000,0.354762
-0.648055,0.779316,-0.782852
-0.678998,0.577603,0.903208
-1.000000,0.304638,0.054689
0.239714,-1.000000,0.358008
0.263000,-1.000000,-0.516603
0.183411,-0.665332,0.747675
0.626947,1.000000,-0.951250
#
0.972673,0.886310
-0.841458,-0.819159
0.284255,-1.000000