#
0.000000,0.088606,0.000000
0.000000,0.000000,0.000000
0.000000,0.029607,0.000000
0.000000,0.347315,0.000000
0.000000,0.000000,0.000000
0.000000,0.000000,0.000000
0.000000,0.000000,-0.318729
-0.210086,0.000000,0.000000
0.000000,0.006574,0.000000
0.000000,0.000000,-0.260050
0.000000,0.000000,0.000000
0.000000,-0.024637,0.000000
0.328955,0.000000,0.000000
0.000000,-0.067128,0.240169
0.000000,0.000000,0.000000
0.090506,0.203420,0.000000
0.000000,0.204317,-0.118769
0.000000,0.000000,0.000000
0.000000,0.000000,0.170331
0.000000,0.159654,0.000000
0.000000,0.000000,0.000000
0.574419,0.000000,0.000000
0.000000,0.302357,0.000000
0.000000,0.000000,0.000000
0.000000,0.000000,0.000000
#
0.000000,0.000000
0.000000,0.000000
0.000000,0.000000