#
-1.000000,0.625013,-1.000000,-0.560876
-0.985297,0.170380,0.012123,0.068024
0.804061,-0.643221,-0.804833,-0.428455
0.733864,1.000000,1.000000,0.730747
-1.000000,-1.000000,-0.471055,-1.000000
-1.000000,0.538897,0.140248,-0.247899
0.270734,-0.952217,-0.340802,0.452268
0.811052,-0.818742,0.914408,0.242838
-0.971745,-0.997129,-0.145722,0.378561
-0.156018,-1.000000,-0.247552,0.149994
-0.480103,-0.749897,0.055323,0.886982
0.786153,-1.000000,0.143603,-0.824729
-0.845215,-1.000000,-1.000000,1.000000
-1.000000,-0.863155,0.699033,0.380671
-1.000000,0.320786,-0.957353,-0.106345
-0.173793,1.000000,-0.304578,-0.125954
1.000000,0.219839,-0.727216,0.301307
-0.228582,0.445491,-0.178422,0.527774
-0.682391,1.000000,0.208841,-0.320250
0.679705,-0.625197,-0.646139,0.582925
0.492332,0.456511,0.379388,-0.227235
-0.890730,-0.838639,0.615296,0.816204
-0.122253,0.541226,-0.527430,-1.000000
0.236506,-0.915413,-0.863050,-1.000000
1.000000,-0.048518,-0.067073,-1.000000
#
1.000000,-0.503585
-1.000000,-0.177831
-1.000000,0.556065
0.602630,-0.514467
#Data
2,2,2,2