#
0.000000,-0.086718,0.736458,-0.540812
0.102782,-0.115864,-0.647327,0.449247
0.045479,-0.535087,0.015382,0.889094
0.563175,-0.752675,-1.000000,-0.184301
0.333730,0.000000,0.483363,0.362950
0.305772,1.000000,-0.075134,0.811598
-0.338647,0.088901,0.000000,-0.364262
-0.240099,0.369130,-0.253862,0.280005
0.456046,0.379523,-0.315233,-0.153848
-0.129429,0.371488,0.323640,0.019027
-0.031345,0.637695,0.145870,-0.112016
0.752907,-0.271857,-0.154884,0.416420
-0.028157,-0.476330,-0.195036,-0.098043
0.274571,0.498827,0.654172,0.029064
-0.530776,0.000000,-0.492999,0.000000
0.681877,0.395640,0.469896,0.417306
0.000000,-0.007797,1.000000,0.075926
-0.237962,0.402441,-1.000000,0.000000
0.121723,-0.361917,0.484127,-0.339365
0.521497,-0.190714,0.063462,0.893833
0.000000,-0.721279,-0.414774,-0.757404
-0.662489,0.232480,-0.575868,-0.070720
0.092404,-0.123611,-0.557152,0.414703
-0.052503,0.000000,0.522929,0.893657
-0.254403,0.352136,0.564280,0.000000
#
-0.330724,0.287864
-0.139060,0.533101
1.000000,0.254056
1.000000,1.000000
#Data
2,2,2,2