#
-0.162334,-0.701050,1.000000,-0.104106
0.723511,-1.000000,-0.538592,-0.435511
0.965318,-0.620776,0.852613,0.502699
-1.000000,-0.498804,0.697978,0.258069
0.701612,0.125773,0.807981,0.774060
0.181423,-0.006574,0.684519,0.941309
1.000000,1.000000,0.611444,0.641644
0.705101,0.112823,-0.301022,-0.778082
-0.153987,-0.347717,1.000000,-0.939169
-0.684493,1.000000,0.451094,-0.381813
1.000000,0.051859,0.998661,0.874846
-0.348358,0.623220,-0.529320,0.436657
1.000000,0.148078,-0.969745,0.880244
-0.431390,0.287882,0.951988,-0.704025
0.812732,0.322195,-0.911704,0.059468
1.000000,-0.929618,1.000000,-0.413251
0.844498,0.251102,0.557318,-0.447673
0.046539,0.338764,-0.933828,0.165816
0.639611,0.856745,-0.222415,-0.035510
-0.447607,-0.268496,0.455509,-0.290787
0.469748,1.000000,-0.956491,0.769520
0.977861,0.477598,-0.799056,0.194566
1.000000,1.000000,-0.348417,-0.133185
-1.000000,0.365156,-0.618461,-1.000000
-0.866841,-0.046354,0.765661,-0.567563
#
-1.000000,0.646695
0.100715,-0.230092
1.000000,1.000000
0.420786,-1.000000
#Data
2,2,2,2