#
0.039261,0.741354,-0.010405,0.215836
0.000000,-0.118103,-1.000000,-0.516701
-0.223970,0.337283,0.137063,0.000000
-0.130776,1.000000,-0.821833,0.366379
0.425736,-0.690875,-0.137258,-0.677444
-0.017374,-0.161233,0.459126,-0.023134
0.038552,-0.240099,-0.335827,-0.997229
0.000000,1.000000,0.000000,-0.233164
0.000000,0.000000,0.000000,-1.000000
-0.894105,0.000000,-0.355840,-0.277674
0.177999,0.572396,-0.038209,-0.075976
-0.108295,0.000000,-0.297200,0.529526
0.551300,1.000000,-0.408217,0.000000
0.441600,0.172484,-0.213706,-0.613091
0.000000,0.734086,0.000000,0.000000
-0.478077,-0.254965,0.143997,0.000000
0.439112,0.263307,0.000000,0.527178
-0.053826,-0.308432,0.212200,0.000000
1.000000,-0.481586,0.000000,0.000000
0.361722,0.000000,-0.523073,0.000000
0.000000,0.000000,-0.120341,0.000000
-0.114482,0.491804,0.274479,0.000000
0.486145,0.021572,0.164225,0.000000
-0.182164,0.103435,0.449690,-0.342640
0.000000,0.357024,0.000000,0.004826
#
0.902043,0.492838
0.781352,1.000000
0.407053,-0.148467
-0.615481,-0.568258
#Data
2,2,2,2