#
-0.582121,0.101264,0.381088,-0.653631
0.000000,0.160611,-0.424506,-0.171984
0.000000,-0.448060,-0.243156,0.298405
0.000000,0.000000,0.136619,1.000000
0.000000,0.000000,0.000000,0.396931
-0.295742,0.475013,0.000000,1.000000
-0.324389,-0.060680,0.275843,-0.101325
0.448847,0.000000,0.000000,0.300748
0.000000,0.000000,0.640765,0.007513
0.106234,0.000000,-0.111479,0.000000
0.000000,0.063575,-0.297200,0.000000
0.000000,0.000000,0.000000,0.392120
0.000000,0.000000,-0.141967,-0.028157
0.717979,0.000000,0.045819,0.163507
0.372777,0.000000,0.264425,0.000000
0.482687,0.169565,-0.249297,0.000000
0.000000,0.000000,0.000000,0.000000
-0.411453,0.000000,-0.054827,0.011856
0.020943,-0.369370,0.181615,0.081424
0.000000,-0.076718,0.260490,0.274479
0.609743,0.000000,0.000000,0.232480
0.000000,0.000000,-0.228636,0.000000
0.493913,0.000000,1.000000,0.513024
0.000000,-0.450633,0.000000,0.000000
0.194664,-0.039464,0.000000,0.000000
#
1.000000,0.000000
-0.486181,-0.074494
0.000000,-0.184548
0.549618,0.000000
#Data
2,2,2,2