#
0.000000,0.000000,0.031062,-0.126375
0.000000,0.120630,0.112028,0.000000
0.830412,0.000000,0.000000,0.000000
0.000000,0.000000,0.000000,0.396931
0.518459,0.000000,0.000000,-0.238314
0.000000,0.000000,-0.364262,0.000000
0.000000,0.015958,0.000000,0.037084
0.000000,-0.078529,-0.032245,0.000000
0.000000,-0.090590,0.000000,-0.800012
0.000000,0.348291,0.000000,0.000000
0.000000,-0.240099,0.000000,0.101697
0.000000,0.000000,0.000000,-0.244187
0.000000,0.000000,0.000000,0.503693
0.129713,0.000000,0.000000,0.000000
0.000000,0.450133,0.000000,0.000000
0.000000,0.000000,-0.315233,0.000000
1.000000,0.642149,0.363036,0.000000
0.187516,0.000000,0.000000,0.000000
-0.292001,0.000000,0.002267,-0.002328
0.120667,0.000000,0.020520,0.000000
0.820423,-0.778391,0.000000,0.000000
0.000000,0.000000,0.000000,0.250339
0.461601,0.000000,-0.611742,0.000000
0.212686,0.000000,0.000000,0.042137
0.000000,-0.887829,-0.458475,0.690524
#
0.000000,0.000000
0.000000,0.000000
0.000000,0.172472
0.000000,0.781960
#Data
2,2,2,2