#
0.000000,0.101264,0.000000,0.000000
-0.481809,0.000000,0.000000,0.027539
0.000000,0.033836,0.000000,-0.669638
0.000000,0.000000,0.000000,-0.110728
0.000000,0.000000,0.000000,0.000000
0.396931,0.000000,0.000000,0.100298
-0.191195,-0.591784,0.266672,-0.191405
0.000000,0.329637,-0.717017,-1.000000
-1.000000,-0.649501,0.000000,0.490619
0.000000,0.000000,0.170786,0.000000
1.000000,0.000000,0.000000,0.711196
0.425365,0.091399,0.000000,0.000874
0.000000,-0.203808,0.000000,0.000000
-0.502013,0.007513,0.000000,0.000000
0.137742,-0.706980,0.000000,0.000000
0.000000,0.320602,-0.333577,0.025896
0.000000,-0.371086,0.000000,0.000000
-0.324559,0.000000,-0.297200,-0.028157
0.513859,-0.440470,0.338690,0.000000
0.000000,1.000000,0.000000,0.000000
0.000000,0.000000,0.000000,-0.435632
0.000000,-0.132596,0.000000,0.000000
0.106462,0.000000,0.000000,0.000000
0.326957,0.000000,0.772583,-0.769216
0.000000,0.000000,-0.310502,0.000000
#
-0.970509,0.000000
-0.567758,0.703639
0.000000,-0.194134
-0.588545,0.000000
#Data
2,2,2,2