#
0.000000,0.000000,0.000000,0.396589
0.000000,-0.532312,0.000000,-0.120458
-0.078888,-0.021026,0.189042,-0.192826
0.000000,-0.241639,-0.398371,-0.035231
0.000000,-0.285000,-0.226450,-0.322647
-0.137354,0.409396,-0.272860,0.267527
0.377059,-0.282328,-0.196731,-0.442944
-0.556797,-0.192401,0.092614,-0.457056
-0.165721,-0.493023,0.244746,0.234816
0.381757,-0.395846,0.004410,0.119768
-0.563088,0.000000,0.031010,-0.040244
-0.544481,-0.056570,0.000000,0.048990
0.211376,-0.042087,0.572176,0.266064
-0.000013,0.149975,0.000000,0.022323
-0.020456,0.527308,0.277256,-0.378243
0.123093,-0.132180,0.027839,0.000000
0.109632,-0.324295,-0.295583,0.041996
0.551938,-0.273835,0.000000,0.236468
-0.077826,0.075943,0.089881,-0.264547
0.327211,0.168408,0.033333,0.298721
0.452965,0.173579,-0.093341,-0.332930
0.275619,-0.150833,-0.017433,0.019048
0.000000,0.100317,0.342072,0.131360
0.133639,0.000000,-0.351779,-0.311521
0.187793,0.522083,-0.045687,0.071015
#
-0.018758,-0.586899,-0.653981,0.468783
0.413619,-0.724012,0.912326,0.088771
-0.386890,-0.631165,0.446382,0.723719
0.643263,-0.278840,0.027144,-0.805054
#
-0.899461,1.000000,0.269611
0.056976,-0.517709,0.042985
0.857064,0.233131,-0.386551
0.654628,-0.519667,-1.000000