#
0.684689,0.572608,0.000000,0.000000
-0.193651,-0.196194,0.652435,0.175533
0.000000,0.000000,0.000000,0.000000
0.000000,0.000000,0.000000,0.000000
0.417730,0.000000,0.000000,-0.110953
0.452744,0.000000,0.101264,-0.350167
0.000000,0.000000,0.000000,0.000000
0.000000,0.000000,0.000000,0.000000
0.000000,0.000000,0.000000,0.000000
-0.819047,0.033836,0.000000,0.000000
-0.299438,0.753755,-0.172113,0.261799
-0.379431,0.000000,-0.350423,0.000000
0.291954,0.000000,0.401205,0.368942
-0.012505,-0.698297,0.000000,0.396931
0.000000,0.000000,0.000000,0.000000
-0.194060,0.000000,0.000000,0.000000
-0.021935,0.000000,0.000000,0.000000
0.000000,-0.140722,0.000000,-0.281167
-0.044369,-0.338383,0.268123,-0.250627
0.000000,-0.065983,-0.868624,0.184253
0.114783,0.000000,-0.190315,-0.186628
0.000000,-0.382238,0.027539,0.000000
0.000000,-0.253623,-0.144526,0.000000
0.728821,0.219411,0.000000,0.000000
-0.875964,0.000000,0.000000,0.200058
#
0.478659,-0.481679
0.000000,0.000000
1.000000,0.000000
0.000000,0.000000
#Data
2,2,2,2