#
0.797790,0.532159,0.431236,1.000000
0.657243,0.356760,0.148941,-0.164777
-0.283739,0.397118,0.652536,0.019494
0.930271,-0.408480,-0.188090,-0.722765
0.121873,-0.833329,-0.859579,0.053002
-0.278494,0.781380,0.125871,-0.357930
-0.569528,0.562487,0.003787,1.000000
0.428141,-0.667580,0.668019,0.225517
-0.753592,0.538985,0.574072,-0.165809
-0.496099,0.445709,0.285406,0.207035
-0.599023,-0.365090,0.382539,0.386643
1.000000,-0.406867,0.139192,-0.016865
-0.232706,0.287328,-0.000341,0.101090
-0.044788,0.072412,-0.995425,-0.471050
-0.639294,0.141063,0.101786,-0.341569
0.295958,-0.801717,-0.181583,0.148241
0.138713,-0.865164,0.090037,-0.484980
-0.593526,-0.958230,0.008496,0.477651
0.035875,0.104712,-0.573311,0.292107
-0.048103,0.709424,-0.516506,-0.370886
-0.056347,-0.733384,-0.410258,-0.689273
-0.250810,0.728145,1.000000,-0.465002
0.662217,-0.086740,-0.482596,-0.301966
0.071127,0.341212,-0.088925,-0.282229
-0.700962,-0.442244,0.741116,0.560358
#
-0.221014,-0.586679
0.461522,0.226935
-0.343957,0.499961
-1.000000,0.466169
#Data
2,2,2,2