#
0.000000,-0.737235,0.266066,-0.118701
0.000000,0.399472,-1.000000,0.000000
1.000000,0.138709,-0.465353,0.208909
0.000000,-0.913707,0.857049,0.000000
0.447747,0.115900,0.000000,0.000000
-0.248254,0.887599,0.472595,0.000000
-0.181432,-0.385669,0.000000,-0.037111
0.110756,-0.432536,0.000000,0.000000
0.000000,0.000000,0.711992,0.000000
-0.331062,0.236068,0.000000,0.337680
0.861094,-0.264029,-0.364262,0.000000
0.388661,0.000000,0.239396,-0.068321
0.000000,0.000000,-0.105126,0.000000
-0.551361,0.317794,0.000000,-0.786731
-0.395049,0.292981,0.827399,0.000000
-0.515223,0.000000,-0.071509,-0.309154
-1.000000,-0.028157,0.375949,0.000000
-0.518049,0.620955,-0.242884,-0.037102
0.000000,0.628421,-0.567921,-0.681476
0.000000,-0.352515,0.000000,0.019220
-0.154691,0.103435,0.000000,0.000000
0.026024,0.000000,-0.460698,-1.000000
0.000000,0.179933,0.000000,0.398617
0.503714,0.136995,-0.084707,-0.073966
-0.883592,0.232905,0.180954,0.000000
#
-0.349433,-0.013165
0.536182,-0.159958
0.970060,0.122230
-0.465406,-0.603436
#Data
2,2,2,2