#
-0.310100,-0.256863,-0.190202,0.150167
-0.840505,-0.170790,-0.476536,-0.593796
0.589760,-0.304381,0.000000,-0.046057
-0.456617,0.350281,0.078823,-0.436339
0.000000,-0.514435,-0.439344,0.159460
0.000000,-0.547716,0.469275,-0.963714
0.000000,0.954196,0.297546,0.000000
0.547170,0.442241,-0.134258,0.311848
0.836286,-0.391739,0.563797,1.000000
0.373727,-0.824760,-0.801530,-0.095199
-0.057658,0.551926,0.000000,0.655648
0.259960,0.746604,0.968587,0.000000
0.040175,-0.400281,-0.030906,-0.022845
-1.000000,-0.781930,-0.014388,1.000000
-0.110995,0.265297,0.156069,-0.537884
-0.184465,-1.000000,-0.657281,-0.211462
0.710177,-0.363627,-0.407404,-0.061104
-0.081902,-0.185262,0.157724,0.158371
-0.156877,0.014941,1.000000,-0.691944
-0.934527,0.794035,-0.430930,-0.898227
-0.364262,-0.269309,0.681354,1.000000
0.072404,0.867743,1.000000,0.426802
0.007513,-0.365636,0.405410,0.531788
0.254143,-0.805541,-0.372865,0.775395
-0.157698,-0.040189,0.797100,0.530090
#
0.476213,-0.661077
-1.000000,0.192391
0.539021,0.239341
0.827745,0.143971
#Data
2,2,2,2