#
-0.941482,-0.594284,0.152514,-1.000000,-0.223285
-0.094915,0.124228,0.378678,0.590004,0.685156
0.311479,-0.734539,0.745141,0.491509,0.395529
0.550644,-0.780855,0.929707,0.735620,-0.517209
-1.000000,-0.618784,-0.225945,1.000000,-0.926393
-0.577191,0.162839,-0.894133,1.000000,-0.116920
0.382069,-0.580754,-0.545264,1.000000,-0.581559
-0.397785,-0.531410,-0.345829,-0.218558,1.000000
1.000000,-0.895231,0.329005,0.220430,0.961693
-0.919609,-0.396202,-0.828668,-1.000000,0.149116
-1.000000,-1.000000,0.472802,-0.326723,-0.996943
-0.905211,-0.678753,-0.713274,0.532921,-0.636106
-0.211629,0.082223,1.000000,0.926514,0.033484
-0.761370,-0.728458,1.000000,0.528983,0.757902
0.360726,0.048851,0.889899,-0.419863,0.774016
-0.780586,0.801561,-0.261339,-0.700950,-1.000000
-1.000000,0.211237,0.946805,0.526253,-0.508101
-1.000000,-0.211835,1.000000,1.000000,-0.109507
-0.037357,-0.761811,-0.628611,-0.416855,-0.274091
-0.430153,0.590048,0.509651,0.772054,0.723181
0.190385,1.000000,0.573262,0.762835,0.729410
0.117017,-0.673815,1.000000,0.902564,-0.926981
0.905392,-1.000000,0.386377,-0.000994,0.481630
-0.944948,0.771750,0.491794,0.493107,-0.317430
-0.431831,-0.021570,0.788246,0.510800,0.271522
#
0.334819,-0.644659
1.000000,0.578896
0.497863,-0.891199
0.165757,-0.195929
-0.917139,-0.054340