#
0.544149,0.000000,0.000000,0.000000,0.000000,0.000000
0.000000,0.000000,0.000000,0.000000,0.000000,0.000000
0.000000,0.000000,0.000000,0.000000,-0.028300,0.000000
0.000000,0.000000,0.000000,0.000000,0.000000,0.000000
0.000000,0.342466,0.000000,0.000000,0.000000,0.000000
-0.821833,0.000000,0.000000,0.000000,0.000000,0.000000
0.000000,0.000000,0.365696,0.000000,0.000000,0.000000
0.000000,0.000000,0.000000,0.000000,0.000000,0.000000
0.000000,0.000000,0.000000,0.000000,-0.035447,0.000000
0.000000,0.000000,0.000000,0.000000,0.000000,0.000000
0.000000,0.000000,0.000000,0.000000,0.000000,0.000000
0.000000,0.000000,0.000000,0.000000,0.000000,0.000000
0.000000,0.000000,0.000000,0.000000,0.000000,0.000000
0.000000,0.000000,0.549928,0.000000,0.000000,0.000000
0.000000,0.000000,0.000000,0.000000,0.000000,0.000000
0.000000,0.000000,0.000000,0.000000,0.038552,0.000000
0.000000,0.746531,0.000000,0.000000,0.000000,0.000000
0.000000,0.000000,0.000000,0.208465,-0.074140,0.000000
0.000000,-0.166480,0.000000,0.000000,0.000000,0.000000
0.000000,0.000000,0.000000,0.000000,0.000000,0.000000
0.000000,-0.016718,0.000000,0.000000,0.000000,0.000000
0.000000,0.000000,0.000000,0.000000,0.000000,0.000000
0.000000,0.000000,-0.203995,0.000000,0.000000,0.000000
0.000000,0.000000,0.000000,0.000000,0.000000,0.000000
0.000000,0.000000,0.000000,0.000000,0.000000,0.000000
#
0.000000,0.000000
0.026802,0.000000
0.000000,-0.556710
0.000000,0.000000
-0.622032,0.000000
0.000000,0.000000