#
0.284342,-1.000000,0.023529,-0.899066,0.454982,0.849472
-0.344398,-0.294790,0.399871,0.056022,-0.312475,1.000000
0.422007,-0.214438,0.510448,-0.436400,-0.095102,-0.527820
-0.040561,0.426812,-0.463142,-0.726134,-0.889078,0.422552
-0.048728,0.210049,1.000000,0.550080,0.844303,0.594631
-0.968165,-0.296448,-0.247619,-1.000000,-1.000000,0.221123
1.000000,0.360253,0.004780,0.544745,0.846959,-0.906932
0.595728,1.000000,0.420197,0.694235,-0.308776,1.000000
-0.961258,1.000000,-0.193199,0.203697,-0.475801,1.000000
-0.480410,1.000000,0.208675,-0.305020,-0.986316,0.230589
-0.905337,-0.188068,1.000000,-0.037460,-1.000000,-1.000000
-0.675995,0.995377,-0.664960,1.000000,-0.274866,-1.000000
1.000000,-0.550322,-0.460023,-0.164370,-0.490068,0.500583
-0.498929,0.434300,1.000000,1.000000,0.956271,-1.000000
-0.017127,-0.585782,0.050141,-0.565235,-0.180307,0.180654
1.000000,0.828978,-0.065337,0.354707,1.000000,1.000000
0.480649,-0.370456,-0.335332,-0.874963,-0.304217,-1.000000
-0.106705,0.926824,-0.249485,-1.000000,-0.522826,0.574512
-0.602170,0.387540,-0.794138,-0.873922,0.495367,-0.680507
-0.894738,-0.525235,0.861441,-1.000000,0.237935,1.000000
-0.305526,-1.000000,0.487639,0.740230,-0.265268,-0.104223
0.508775,-0.342229,0.916315,-1.000000,0.031568,0.000142
-0.940125,0.545180,-0.428764,0.281182,-0.901045,-0.622642
-1.000000,1.000000,0.318941,0.186622,1.000000,-0.626336
0.170341,1.000000,0.320158,-0.489997,0.274431,1.000000
#
0.846561,0.480469,-1.000000,0.628681
0.857759,-0.629998,0.968139,-0.395012
-1.000000,0.562417,0.387774,-0.250787
0.050589,0.995590,0.917762,-0.967285
-0.746581,-0.545524,1.000000,0.211955
-1.000000,0.507393,0.469738,0.099797
#
-1.000000,-1.000000
-0.529567,-0.439952
0.899480,0.222733
0.068843,-0.362525
#Data
2,2,2,2