#
0.000000,0.000000,0.000000,0.000000,-0.483183,0.221944
0.349171,-0.216565,0.000000,0.000000,-0.486397,0.000000
0.000000,0.168566,-0.036313,0.000000,-0.131628,0.000000
0.000000,0.000000,0.000000,0.000000,-0.227062,0.000000
0.000000,0.000000,-0.319832,0.271214,0.000000,0.162256
0.000000,0.126716,0.000000,0.000000,0.327091,0.669654
0.459191,0.000000,-0.381748,0.000000,0.000000,0.000000
0.033788,0.000000,0.093043,0.000000,0.000000,0.186671
0.045556,0.019960,0.000000,0.000000,0.000000,0.000000
0.000000,0.000000,0.000000,0.000000,0.266914,-0.963592
0.000000,0.175473,0.537368,0.104467,0.000000,0.300341
0.000000,0.000000,0.000000,0.000000,-0.279736,0.085834
-0.170614,0.000000,0.000000,0.000000,0.000000,0.000000
0.000000,0.000000,0.000000,0.211497,0.000000,0.000000
-0.408221,0.000000,0.000000,-0.041483,0.000000,0.000000
0.000000,0.000000,0.000000,0.000000,0.000000,-0.027707
0.305696,0.000000,0.000000,0.000000,0.000000,-0.245551
0.000000,0.000000,0.000000,0.000000,0.000000,-0.088381
-0.240734,0.000000,0.000000,0.000000,0.000000,-0.272896
0.000000,0.000000,0.000000,0.717901,0.000000,0.258282
0.000000,-0.265961,0.000000,0.000000,0.000000,0.287381
-0.114158,0.000000,0.000000,0.000000,-0.238568,0.000000
0.000000,0.310818,0.000000,-0.141690,-0.327050,0.000000
0.111690,-0.256287,-0.156574,0.000000,0.015544,0.000000
0.000000,0.152679,0.000000,0.000000,0.000000,0.238527
#
0.000000,0.000000,0.045305
0.000000,0.000000,0.000000
-0.000682,-0.000035,-0.560232
0.000000,0.177163,0.000000
0.714870,0.061774,0.000000
-0.600608,-0.175943,0.000000