#
0.300233,0.000000,0.000000,0.000000,0.301785,0.000000
0.000000,0.000000,-0.537793,0.000000,-0.448378,0.611553
0.000000,0.000000,0.000000,0.000000,0.845414,0.000000
-0.030507,0.000000,0.000000,0.000000,0.000000,-0.408657
-0.296906,0.000000,0.000000,0.573450,0.000000,0.597277
0.158168,0.000000,0.000000,0.000000,0.000000,0.000000
0.000000,0.000000,0.030235,0.000000,0.009981,0.156197
0.000000,0.000000,0.174271,0.000000,0.000000,0.000000
0.000000,0.000000,0.000000,0.000000,0.000000,0.000000
0.000000,0.000000,0.000000,-0.447552,0.345532,0.548340
0.000000,-0.317749,-0.180035,0.515626,0.000000,-0.461750
0.000000,0.899993,0.441662,0.000000,0.000000,0.000000
0.000000,-0.325881,0.086837,0.000000,-0.743566,0.000000
0.000000,0.619902,0.000000,0.000000,0.023402,0.000000
0.000000,0.000000,0.000000,-0.001597,0.000000,-0.017017
0.000000,0.000000,-0.166135,0.563585,0.281576,0.000000
0.000000,0.000000,0.000000,0.000000,0.000000,0.000000
0.000000,0.000000,-0.134179,0.424594,0.000000,0.288462
0.000000,0.000000,0.450731,0.000000,0.000000,0.000000
0.000000,0.000000,0.000000,0.000000,0.000000,0.000000
0.000000,-0.221248,0.126531,-0.055421,-0.557042,0.000000
0.000000,0.000000,0.487102,0.000000,0.000000,0.000000
0.000000,0.169134,-0.696527,0.000000,0.000000,0.627863
0.000000,0.000000,0.000000,0.000000,0.507543,0.000000
0.000000,0.190835,-0.338620,0.000000,0.209100,0.000000
#
0.000000,0.000000,0.000000
0.000000,0.051362,0.000000
0.972918,0.000000,-0.766556
-0.434021,0.000000,0.442288
-0.069226,0.000000,0.000000
0.000000,0.000000,-0.254176