#
0.000000,0.304133,0.000000,0.081775,0.000000,0.523252
-0.356794,0.391906,-0.422223,0.600304,0.298784,0.118316
0.293128,0.000000,0.460317,0.634650,0.066480,0.000000
-0.389622,0.000000,-0.137217,-0.727010,-0.265006,-0.181441
0.295405,-0.674937,0.214755,-0.457617,0.000000,0.000000
0.021148,0.000000,0.552318,0.000000,-0.076748,0.324850
-0.024391,0.119783,0.000000,0.271787,-0.104885,0.000000
0.000000,0.516355,-0.030888,-0.204274,0.000000,0.185924
-0.064282,-0.169866,-0.014490,0.768816,0.025033,0.700460
-0.443524,0.000000,0.056440,0.000000,0.318381,-0.170012
-0.716284,-0.254112,-0.211840,0.000000,0.122174,0.138019
0.000000,0.002622,-0.563876,0.303731,-0.233295,0.334961
-0.234141,-0.091448,0.000000,-0.590900,0.214041,0.000000
0.142076,0.297463,-0.099029,0.197071,0.732620,-0.082055
-0.696361,-0.138490,0.162343,0.247854,-0.392378,0.034597
0.000000,0.038089,0.000000,0.000000,0.000000,0.079444
0.094355,0.570337,0.317753,-0.269806,0.114935,0.237651
0.000000,0.323962,0.000000,-1.000000,0.348190,0.060931
-0.081238,-0.029665,0.336812,-0.025932,-0.555540,0.343924
-0.257086,-0.273287,0.000000,-0.289025,-0.105140,0.000000
0.000000,0.000000,-0.711181,-0.599541,0.364715,-0.175225
-0.501877,0.063607,0.399726,-0.244116,0.000000,0.000000
-0.190782,0.000000,0.281039,0.335353,-0.140087,-0.388829
-0.339635,-0.052623,0.279882,0.000000,0.112356,0.000000
0.544653,0.448959,-0.816646,0.162891,0.353605,-0.196923
#
0.014021,0.425166,0.302375
-0.077458,0.000000,-0.363586
0.392060,-0.090994,0.000000
-0.752922,-0.388452,-0.741816
0.000000,-0.261824,0.924942
-0.034855,-0.074217,0.352569