#
-0.768002,0.000000,0.000000,1.000000,0.181844,0.000000
0.315012,0.000000,0.000000,0.000000,0.009353,0.000000
0.000000,-0.481523,0.000000,0.000000,0.031187,0.000000
0.040342,-0.107968,0.000000,-0.148732,0.000000,-1.000000
0.328753,0.114925,0.000000,-0.252727,-0.487971,0.000000
0.032544,0.267058,-0.430834,-0.071630,0.326812,-0.379372
0.473510,0.000000,0.384909,0.320077,0.478840,0.361039
0.052276,0.000000,0.370022,-0.256043,0.206266,-0.278648
-0.159932,0.106293,-0.080777,0.000000,0.000000,0.110590
0.000000,0.062819,0.003845,-0.230465,0.000000,-0.184932
-0.355949,0.000000,0.000000,0.000000,-0.083295,0.000000
0.000000,0.187973,-0.197180,0.000000,0.132524,-0.350423
0.230088,0.000000,-0.295412,0.245233,0.000000,0.000000
0.088830,-0.125577,-0.018498,0.000000,0.337527,-0.386378
0.000000,0.155078,-0.062968,-0.209461,0.168891,0.000000
0.000000,0.057513,0.397787,-0.487830,-0.154535,0.675324
-0.386692,-0.413560,-0.857413,0.362838,0.476404,0.000000
0.000000,0.110196,0.000000,-0.001621,-0.445902,-0.584930
-0.543537,0.000000,0.281979,0.000000,0.000000,0.000000
-0.616222,-0.323805,-0.542202,0.000000,0.065067,0.000000
-0.211826,-0.106838,0.000000,-0.361736,0.602107,-0.029929
-0.496459,-0.514993,0.000000,0.000000,0.000000,0.000000
0.221626,0.195021,0.092413,0.225027,0.311143,0.287599
0.441222,0.000000,0.334047,-0.009800,-0.336871,0.000000
0.000000,-0.276554,0.005949,0.095644,0.000000,0.000000
#
-0.418100,-0.208533,0.313452
0.000000,0.000000,0.000000
-0.433325,0.000000,-0.088221
0.061088,0.415405,-0.541678
0.541820,0.014700,-0.423310
0.000000,0.569928,-0.408275