#
0.000000,0.632927,0.036741,0.195869,0.000000,0.000000
-0.269508,0.000000,0.000000,0.000000,0.000000,0.000000
0.000000,0.000000,0.110931,-0.024469,0.000000,0.000000
0.000000,0.000000,0.000000,-0.555288,0.210678,-0.749749
0.000000,0.075948,0.000000,0.000000,0.157755,0.000000
0.000000,0.378825,0.058141,0.092204,0.000000,0.000000
0.000000,0.025377,0.000000,0.000000,-0.465324,0.684189
-0.096379,0.000000,0.000000,0.416622,0.000000,0.000000
0.000000,-0.160062,-0.068904,0.101768,0.000000,0.297698
0.000000,0.000000,0.000000,0.000000,-0.137170,0.170359
0.000000,0.411092,0.000000,0.003603,0.000000,-0.273196
0.000000,0.000000,0.000000,0.000000,0.000000,-0.493300
0.607053,0.000000,0.000000,0.000000,0.000000,-0.191140
0.000000,-0.222053,0.000000,-0.180074,0.000000,-0.057596
0.000000,0.000000,0.000000,0.005635,-0.344871,0.000000
0.000000,0.000000,0.246869,-0.895787,0.000000,0.000000
0.000000,0.000000,0.000000,0.000000,0.175672,0.000000
0.000000,0.000000,0.000000,0.000000,0.000000,0.000000
0.000000,0.025624,0.000000,0.620030,0.105006,0.000000
0.000000,0.091560,0.065677,-0.223833,0.000000,0.000000
0.000000,0.000000,0.000000,0.000000,0.000000,-0.002950
0.000000,0.024149,0.000000,0.000000,0.000000,0.000000
-0.021118,0.000000,0.000000,0.502973,0.000000,0.000000
0.485247,0.000000,0.000000,0.000000,0.000000,0.038874
0.000000,0.000000,0.000000,0.000000,0.000000,-0.747213
#
-0.097847,0.000000
0.000000,0.000000
0.000000,-0.589761
0.315821,0.000000
0.342629,0.000000
0.000000,0.000000