#
0.000000,0.000000,0.000000,0.000000,0.000000,0.000000
0.000000,0.000000,0.000000,0.000000,0.000000,0.154144
0.000000,0.000000,0.000000,0.000000,0.000000,0.000000
0.000000,0.000000,0.000000,0.000000,0.000000,0.086442
0.000000,0.000000,0.000000,0.611393,0.000000,0.000000
0.000000,0.000000,0.000000,0.000000,0.000000,0.000000
0.000000,0.000000,0.441172,0.000000,0.000000,0.000000
0.000000,0.000000,0.000000,0.015362,0.000000,0.000000
0.083117,0.000000,0.000000,0.000000,0.000000,0.000000
0.086075,0.000000,-0.324407,0.000000,0.000000,0.000000
0.000000,0.000000,0.091360,0.000000,0.000000,0.000000
0.102567,0.000000,-0.133608,0.051410,0.325833,0.000000
0.000000,0.337391,0.000000,0.000000,0.000000,0.000000
0.054365,0.212788,0.000000,0.000000,0.000000,0.041044
0.000000,0.000000,0.000000,0.000000,0.000000,0.000000
0.000000,0.000000,0.000000,0.000000,0.000000,0.000000
0.035816,-0.309623,0.000000,0.000000,0.000000,0.000000
0.000000,-0.305207,0.000000,0.000000,0.000000,0.000000
0.000000,0.000000,0.000000,-0.193025,0.000000,0.000000
0.000000,-0.396841,0.000000,0.000000,0.000000,0.000000
0.000000,0.000000,0.246083,-0.204084,0.000000,0.000000
0.000000,0.000000,0.000000,0.000000,0.000000,0.000000
0.000000,0.000000,0.000000,0.000000,0.000000,0.000000
0.000000,0.000000,0.068269,0.000000,0.000000,0.000000
0.000000,0.000000,0.000000,-0.321445,0.000000,0.000000
#
0.000000,0.000000
0.000000,0.000000
0.586945,-0.104337
0.000000,0.000000
0.000000,0.000000
0.000000,0.000000