#
0.000000,0.000000,0.000000,0.000000,0.000000,0.361691
0.000000,-0.080943,0.000000,0.000000,0.000000,0.263439
0.338328,0.000000,-0.062566,0.000000,0.000000,-0.133608
0.000000,0.000000,0.000000,0.000000,0.000000,0.086075
0.000000,0.000000,0.000000,0.000000,0.000000,0.000000
0.000000,-0.002780,0.129525,0.000000,0.000000,-0.565463
0.038547,0.000000,0.000000,0.051410,0.000000,0.000000
0.000000,0.000000,-0.265195,0.000000,0.165156,-0.027991
0.000000,0.000000,0.000000,0.028761,0.000000,0.000000
0.000000,-0.099607,0.000000,0.000000,0.337391,0.000000
0.000000,-0.459975,0.000000,0.000000,-0.637379,0.000000
0.510101,-0.131944,0.000000,0.000000,0.000000,0.000000
0.441061,0.000000,-0.434767,0.000000,0.000000,0.000000
-0.277877,0.197010,0.000000,0.000000,0.000000,0.325833
0.000000,0.000000,-0.323871,0.000000,-0.073196,0.054365
0.000000,0.000000,-0.076123,-0.452161,0.000000,-0.204084
0.000000,0.000000,0.000000,0.000000,0.000000,0.000000
0.000607,0.000000,0.000000,0.000000,-0.312505,0.000000
-0.300044,-0.615883,0.000000,0.000000,0.000000,0.041044
0.000000,0.000000,0.000000,0.000000,0.000000,0.000000
0.558023,0.000000,0.000000,0.059683,-0.390455,0.000000
0.000000,0.000000,0.102601,0.000000,0.205079,0.000000
0.000000,0.000000,0.000000,0.000000,0.000000,0.000000
0.000000,0.000000,-0.354899,0.000000,-0.370636,-0.243359
0.000000,0.000000,0.000000,0.000000,0.000000,0.000000
#
-0.027492,0.000000
-0.321445,-0.548290
0.174951,0.000000
0.311286,0.000000
0.000000,0.000000
0.000000,0.000000