#
0.373424,0.795351,-0.612859,-0.313982,-0.610783,0.036615
-0.346508,0.745822,0.478722,0.198189,0.760168,0.625138
0.473693,-1.000000,0.643702,-0.544265,-0.561770,-0.380048
0.627892,0.142146,0.337648,-0.803792,0.382339,-0.142657
0.855353,0.636766,-0.365458,0.099130,-0.444638,-0.950315
1.000000,0.210684,1.000000,-0.934503,0.976273,0.482299
-0.111748,0.848298,0.678506,0.200981,-0.276038,-0.501278
0.073941,0.501867,0.952164,0.064808,0.970398,-0.226718
-0.515097,1.000000,0.449948,0.893062,-0.699178,0.379321
-0.405088,0.567628,0.060047,-0.114992,-0.315179,0.790885
-1.000000,-0.103457,0.365257,-0.369537,-0.918742,-0.180426
0.614840,-0.241499,-0.023676,-0.803506,0.941287,-0.369218
1.000000,-0.687838,0.116331,-1.000000,0.856633,0.281848
-0.718878,0.334014,0.226199,0.901393,-0.603510,0.082791
-1.000000,-0.547085,-1.000000,-0.786641,-0.664901,0.357143
0.076809,0.778940,-0.082930,0.490871,-0.539241,-0.818768
0.996668,-0.910195,0.575244,0.526528,-0.095614,0.261630
-1.000000,-0.257137,-0.573195,0.027123,0.334465,0.982766
-0.908306,0.326825,0.468439,-1.000000,-0.368869,0.590904
0.402077,-0.451224,-1.000000,-1.000000,0.144295,0.717427
0.891250,0.604753,1.000000,0.489037,-0.950038,1.000000
0.992311,-0.805891,-0.345562,0.938822,1.000000,0.818122
0.057625,-0.725002,0.830715,0.534202,0.314246,0.397532
0.759843,-0.485719,-1.000000,0.888620,0.333461,0.517761
0.392835,-0.906121,0.643459,-0.533432,-0.492433,-0.551364
#
-0.257066,-0.308998
-0.133385,0.617219
-0.415823,0.092262
0.715668,-0.942259
-0.265245,0.389829
0.933290,1.000000