#
0.313234,0.000000,0.000000,-0.244265,0.000000,0.000000
0.330140,-0.353207,-0.146659,0.000000,-0.491732,0.000000
0.512110,-0.212659,0.000000,0.250700,-0.143722,0.048899
0.416790,0.000000,0.000000,-0.178102,0.358279,0.000000
0.112242,0.000000,0.000000,0.134330,0.000000,0.000000
0.000000,0.000000,0.629771,0.000000,0.070761,0.000000
0.000000,-0.575832,0.345211,0.000000,0.069944,-0.328285
0.000000,-0.395942,0.283789,-0.501672,0.210037,0.000000
-0.369768,0.110712,0.000000,-0.368793,0.000000,-0.196753
0.000000,0.597387,0.075648,0.000000,-0.448767,0.000000
0.370446,-0.255067,0.000000,0.000000,0.000000,0.000000
0.269471,-0.206190,0.000000,0.000000,0.082623,0.000000
0.063988,0.000000,-0.296083,0.000000,0.419655,-0.383507
0.000000,0.000000,0.000000,0.000000,-0.275809,0.000000
-0.068464,0.000000,-0.312157,0.180683,-0.044994,0.000000
0.301183,0.429859,0.000000,0.000000,0.000000,-0.230405
0.452643,0.000000,0.345771,0.000000,-0.495260,0.186135
0.000000,0.236774,-0.108324,0.941900,0.591510,0.354259
-1.000000,-0.047330,0.000000,0.000000,-0.375533,0.249445
-0.112049,0.000000,-0.152520,0.000000,0.000000,0.000000
0.419691,0.028549,0.000000,0.000000,0.157254,0.000000
-0.370853,0.000000,-0.397578,0.219880,0.023843,-0.885809
0.000000,0.000000,-0.519460,0.553830,-0.406328,0.000000
0.000000,-0.489811,0.000000,-0.281761,-0.197147,0.000000
-0.618186,0.000000,0.166508,0.000000,0.236692,-0.436907
#
0.462922,-0.323191,-0.361141,0.000000,0.148403,0.111033
-0.211115,0.000000,0.000000,-0.532518,0.336457,0.185895
-0.351081,-0.121467,-0.312253,0.000000,-0.561521,0.242457
0.000000,0.000000,-0.394935,-0.275347,0.000000,0.450123
0.155112,0.000000,0.000000,-0.453330,0.000000,0.399678
0.269969,0.000000,0.046279,0.000000,0.000000,0.000000
#
0.000000,0.000000,0.000000
0.541151,-0.617510,0.000000
0.447522,0.198424,0.497705
0.000000,-0.039767,-0.158501
0.000000,0.000000,0.000000
0.000000,-0.240721,-0.720632