#
0.141344,-0.050892,-0.983192,0.132247,0.636061,-0.200706
-1.000000,0.342416,1.000000,-0.103355,0.550516,-0.422229
0.691008,-0.677664,-0.231453,-0.097734,-0.336336,0.874823
-1.000000,-0.328238,-0.655651,-0.152413,1.000000,-0.334033
-0.671473,-0.523785,-0.659000,-1.000000,-0.252876,-0.352887
-0.821480,-0.448447,-0.817239,-0.374889,-0.237167,-0.500543
0.050106,-0.133408,0.183151,-0.584403,0.904357,0.289316
-1.000000,0.062561,-0.773336,1.000000,-0.274717,-0.013865
-1.000000,0.103678,0.327483,0.264782,-0.150341,0.405543
-0.635490,0.626044,-1.000000,-0.337831,-0.073452,0.526965
-0.442097,-0.131324,-0.937322,-0.537052,-0.827190,0.017367
0.552652,-0.749845,0.143302,-0.528380,-0.160709,-0.781598
-0.290880,0.263451,0.225051,1.000000,0.759012,-1.000000
0.420794,0.243469,-1.000000,0.547837,0.777065,0.955969
-0.284628,-0.979192,0.413186,-0.322599,0.038428,-1.000000
-0.762356,-0.743467,-0.835711,1.000000,-0.018435,-0.952834
-0.398298,-0.917453,-0.068237,-0.775537,-0.788464,1.000000
0.927048,0.705749,0.389604,-0.274014,0.900402,0.093686
0.827028,1.000000,0.339079,0.405714,0.446627,-0.090995
-0.057478,-0.247587,-0.013835,0.326876,1.000000,-0.316567
-0.056009,-0.522015,1.000000,0.906649,-0.716223,0.448502
0.186664,-0.674602,0.678561,0.132257,-0.403457,-0.728158
-0.440368,1.000000,0.533004,-1.000000,-0.157985,0.366675
0.464856,-1.000000,0.178942,-0.917103,-0.761471,-1.000000
1.000000,-1.000000,0.349704,0.243959,-1.000000,-0.798406
#
0.220644,1.000000
-0.633341,-0.379366
-0.704037,0.466293
-0.087918,1.000000
-0.218439,-0.868517
-0.233222,-0.670629