#
-0.540476,0.876809,-0.167962,-0.211018,-0.398672,0.175310
1.000000,0.468848,-0.017264,0.278598,-0.459625,0.000000
0.465703,-0.345103,-0.291195,-0.190622,0.331556,0.000000
0.474552,0.465997,-0.714931,-0.017914,-0.377740,-0.338850
0.000000,0.150446,0.000000,0.000000,-0.420582,0.586831
0.000000,0.380865,-0.020642,-0.075461,-0.252827,0.014284
0.458038,1.000000,0.170549,-0.310296,-0.134094,0.468931
-0.154069,0.393651,-1.000000,0.000000,0.070203,-0.111707
-0.866365,0.000000,0.000000,-0.223897,-0.027465,-0.236585
0.060703,0.151344,0.000000,-0.592431,-0.358927,-0.388475
0.000000,-0.381103,0.000000,0.326539,-0.562745,-0.367133
0.266719,0.154008,0.198403,-0.301950,0.140230,0.000000
0.437894,0.000000,0.231204,0.000000,0.285469,-0.440234
0.491524,0.085845,0.000000,0.000000,0.000000,0.624878
-0.057539,0.174388,0.861607,0.000000,0.306085,0.000000
1.000000,0.102947,-0.572682,-0.439865,-0.668706,-1.000000
-0.118337,0.138542,0.282776,0.174360,0.065591,0.000000
-0.342647,-0.158846,-0.557571,0.076031,0.000000,0.179815
0.672587,0.340752,0.019552,0.000000,-0.342747,0.128747
0.000000,-0.437037,0.000000,0.156478,0.064587,-0.180021
0.996187,-0.101802,0.217180,0.145998,-0.191988,-0.160959
0.000000,-0.214696,0.162473,-0.056056,-0.157910,0.000000
0.000000,-0.151895,0.520318,-0.180184,-0.126185,-0.447044
0.000000,-0.478137,-0.567738,0.000000,0.144109,0.000000
-0.103065,-0.293657,-0.123715,-0.236097,0.032495,-0.494395
#
0.590274,0.049623,-0.100684,-0.351222,0.000000,0.000000
-0.043276,0.274651,0.599175,-1.000000,-0.394303,-0.726804
0.000000,0.815224,0.070490,-0.313215,0.000000,-0.527332
-0.402246,0.000000,0.198290,-1.000000,-0.540591,0.306790
-0.163018,-0.009998,0.983599,0.302743,0.181709,0.000000
0.000000,0.033122,0.194136,-0.359070,0.302771,0.720210
#
0.256415,-0.351229,0.000000
0.205197,0.435930,-0.807807
-0.763083,0.439110,-0.995800
-0.016644,-0.233659,0.000000
0.744937,-0.516746,-1.000000
0.547742,0.183490,0.000000