#
0.576578,0.074448,-0.131133,0.000000,0.111984,0.000000
0.000000,0.194703,0.746030,0.000000,0.079200,0.000000
0.000000,0.000000,0.000000,-0.049208,-0.136792,-1.000000
0.000000,0.127544,-0.240896,-0.551738,0.000000,-0.027583
0.258696,-0.408124,0.049193,-0.300433,0.000000,0.000000
0.662607,-0.306442,0.222298,-0.034558,-0.454351,0.000000
0.000000,-0.140528,0.242040,-0.485901,0.695899,-0.048760
0.000000,0.000000,-0.432276,0.240510,0.000000,-0.172667
0.100835,0.249124,-0.412293,0.000000,-0.929164,0.609049
0.000000,0.404097,0.538856,0.000000,0.000000,0.000000
0.611826,-0.070403,0.000000,-0.266554,-0.881373,0.000000
0.531232,0.000000,-0.162256,-0.615596,0.000000,0.000000
-0.121346,0.000000,-0.387358,-0.307543,-0.195916,0.000938
0.000956,0.000000,0.140441,0.000000,0.066520,0.405109
-0.136549,0.000000,0.000000,-0.077854,0.000000,0.000000
0.000000,0.052675,0.983100,1.000000,0.198975,0.204915
0.000000,0.000000,-0.092948,0.000000,0.000000,0.256140
-0.716060,0.000000,-0.229418,0.000000,0.000000,0.000000
0.000000,0.000000,-1.000000,0.000000,0.796565,0.000000
0.658413,0.630678,0.306829,0.000000,-0.020774,0.000000
-0.039210,0.000000,0.645138,0.095557,0.000000,0.077940
0.000000,0.000000,0.462865,0.000000,0.000000,0.037458
0.000000,0.232480,0.182031,0.309707,0.000000,0.000000
-0.333281,-0.376693,0.206950,-0.357541,0.000000,-0.747450
0.000000,0.000000,-0.522780,0.218964,0.000000,0.000000
#
0.000000,0.137890,0.000000,0.000000
0.336559,0.000000,0.000000,0.000000
0.000000,0.000000,-0.262884,-0.066659
0.387516,0.000000,0.000000,-0.189117
0.000000,0.000000,0.000000,0.000000
0.156074,-0.089653,0.773269,0.000000
#
0.000000,-0.681423
-0.232279,0.000000
0.000000,0.000000
0.000000,0.000000
#Data
2,2,2,2