#
-0.648395,-0.335455,-0.289332,0.322628,-1.000000,0.201842
0.931463,0.131379,-0.501172,0.064710,0.900951,0.398199
0.000000,-0.017156,-0.158782,-0.225918,-0.103302,-0.259080
0.660089,-0.011519,1.000000,0.941375,-0.278735,-0.077270
0.075783,0.701061,0.000000,-0.296646,-0.351682,-0.027409
-0.191685,0.000000,-0.279097,1.000000,-0.013940,0.423860
1.000000,-0.587882,1.000000,-0.479588,0.000000,-1.000000
0.929859,-0.066544,-0.100306,0.567448,-0.291386,-1.000000
0.000000,0.177893,-0.446858,-0.219090,-0.331601,-0.011955
0.438006,-1.000000,-0.715878,0.013241,-0.363115,0.128530
-0.116266,-1.000000,0.168906,0.464786,-0.455720,-0.280090
0.466722,0.743139,0.137772,0.099398,0.359642,-0.291808
-0.687647,0.540937,0.575690,0.436463,-0.441021,0.393102
-0.618969,0.090625,-0.372433,0.940042,-0.033953,0.293576
0.207560,-0.222779,-0.699313,-0.195921,0.087158,0.607899
0.024710,0.641779,-0.209326,0.258816,0.201793,-0.457449
0.537710,0.000000,0.024032,-0.344734,-0.150043,1.000000
0.070608,0.435534,0.284668,0.826268,0.318206,-0.323669
-0.152325,0.257497,-0.346145,-0.460253,0.596223,-0.214388
-0.072884,0.383952,-0.134094,1.000000,-0.236031,0.227346
0.000000,0.266880,0.289519,-0.576670,-0.728676,0.522498
0.603805,0.175129,0.141077,-0.560773,-0.476335,-0.072603
-0.621988,0.164265,0.253504,0.170566,-0.261145,0.628832
-0.431258,0.000556,-0.185720,-0.660400,-0.350404,-0.341482
0.298805,0.295245,0.000000,0.277179,-0.228379,0.245446
#
0.311883,-0.055929,-0.111635,0.640720,-0.879008,0.230538
-0.257493,-0.180889,0.000000,-0.570410,0.000000,0.110647
-0.076609,-0.413758,1.000000,0.063196,0.000000,0.096172
-0.328194,1.000000,0.307046,-0.621954,-0.023086,-0.115959
-0.229907,0.512612,0.329329,0.504860,0.186703,0.000000
-0.108989,-0.601783,-0.388967,0.544343,-0.295864,-0.511174
#
0.215538,0.661978,-0.496611
-0.657091,0.081193,0.133631
-1.000000,0.595084,-0.461220
0.457912,-0.030276,-0.757400
-0.304973,0.544832,-0.515947
-0.471459,-0.189400,0.317753