#
0.000000,0.000000,0.000000,0.000000,0.000000,0.000000
0.000000,0.000000,0.000000,0.000000,0.000000,0.000000
0.000000,0.000000,0.273244,-0.052057,-0.298130,0.000000
0.000000,0.000000,0.000000,0.000000,0.000000,0.000000
0.000000,0.000000,0.000000,0.000000,0.000000,0.000000
0.000000,0.000000,0.277555,0.000000,0.000000,0.000000
0.000000,0.000000,0.000000,0.000000,0.000000,0.000000
0.000000,0.000000,0.000000,0.000000,0.101264,0.000000
0.000000,0.000000,0.000000,0.000000,0.000000,-0.193999
0.000000,0.000000,0.000000,0.000000,0.000000,-0.424636
0.033836,0.906141,0.000000,0.000000,0.000000,0.000000
0.000000,0.000000,0.000000,0.787332,0.000000,-0.883743
0.396931,0.000000,0.000000,0.000000,0.000000,0.000000
0.000000,0.000000,0.000000,0.000000,0.000000,0.000000
0.000000,0.000000,0.000000,0.000000,0.000000,0.000000
0.000000,0.000000,0.000000,0.000000,0.000000,0.000000
0.000000,0.000000,-0.309663,0.000000,-0.099272,0.000000
0.000000,0.000000,0.000000,0.000000,0.000000,0.000000
0.000000,0.000000,0.000000,0.000000,-0.364262,0.000000
0.078744,0.000000,-0.487066,0.000000,0.000000,0.000000
0.000000,0.000000,0.000000,0.000000,-0.240099,0.000000
0.000000,0.000000,0.000000,0.000000,0.000000,0.000000
-0.551447,0.000000,0.000000,0.000000,0.000000,-0.062035
0.000000,0.000000,0.000000,0.007513,0.000000,0.000000
0.000000,0.000000,0.193918,0.000000,0.000000,0.000000
#
0.000000,0.000000
-0.297200,0.000000
0.000000,0.000000
0.000000,-0.028157
-0.178045,0.000000
-0.717448,0.000000