#
0.919841,-0.403266,0.946096,-0.799102,-0.511774,-1.000000
0.385135,0.000000,-0.050510,0.400256,-0.408303,0.425050
-0.880659,-0.467314,-0.170063,-0.537583,-0.592118,0.843724
0.000000,0.750870,-1.000000,0.987373,0.687316,-0.304358
0.084794,-0.023064,-0.388906,-1.000000,0.833207,-0.210815
1.000000,-0.350984,0.000000,-0.266841,-0.760933,-0.593882
-0.279855,-0.442706,-0.191858,-0.236438,-0.747710,0.099817
0.474440,0.247922,0.023213,-0.012542,-0.204271,-0.537288
-0.740086,-0.204684,0.508465,-0.111784,0.639681,0.359684
0.292633,-0.093471,0.340132,-0.545230,-0.278262,0.762674
-0.581098,0.085841,-0.841808,1.000000,-0.016949,0.601644
-0.368658,0.911022,-0.518700,0.671611,0.599256,0.124273
0.230874,-0.054848,-1.000000,-0.602570,0.510894,-0.508605
-0.517655,-0.070423,0.594584,0.798938,0.240393,1.000000
0.538582,-0.441945,-0.076969,-0.043664,1.000000,0.285589
-1.000000,-0.216038,-0.031572,0.429595,0.459288,0.423626
0.256255,0.937105,-0.199190,0.424123,0.338414,-0.607893
-0.206905,0.178339,0.692317,-0.094856,1.000000,0.285254
0.495974,0.533724,-0.304430,0.971909,-0.031983,-0.571148
-0.002181,0.081971,0.892518,0.238060,0.507124,1.000000
0.974672,0.504298,-0.411256,0.472952,0.086187,0.356690
0.090506,0.031148,0.395700,-0.134607,0.464834,0.483674
0.135135,0.739562,-0.476235,0.292849,-0.263255,-0.749813
0.003266,0.328916,-0.437729,-0.905122,0.116643,0.023533
0.107475,0.321678,0.488699,-0.276397,-0.440314,-0.083406
#
0.051062,-0.575166,0.007641
-0.024925,0.306419,-0.262128
-1.000000,-0.263079,-0.711963
0.011738,0.338316,0.201600
-0.779153,0.260069,-0.132275
0.724755,0.000000,0.780923