#
0.000000,0.000000,0.000000,0.000000,0.048388,0.000000
0.592897,0.000000,0.000000,0.000000,0.000000,-0.403906
-0.588922,0.266051,0.000000,0.000000,0.000000,0.000000
0.000000,0.000000,0.000000,0.000000,0.000000,-0.175339
-0.074140,-0.893118,-0.385383,0.000000,0.000000,0.000000
0.000000,0.000000,0.000000,0.000000,-0.202227,0.000000
-0.409853,0.000000,0.000000,-0.517945,0.248228,0.034772
0.000000,0.000000,-0.028963,0.000000,-0.075239,0.000000
0.000000,0.067725,-0.650632,0.222366,0.636001,0.000000
0.000000,0.000000,0.212076,-0.010148,0.000000,0.000000
0.289056,0.000000,0.000000,0.000000,0.000000,0.000000
0.000000,0.000000,0.089076,0.000000,0.000000,-0.464237
0.000000,-0.130360,0.000000,-0.513700,0.000000,0.318602
0.000000,-0.053317,0.000000,0.377841,0.000000,-0.066558
0.000000,0.040330,0.000000,0.000000,0.100912,0.000000
-0.158351,0.000000,-0.699538,0.000000,0.000000,0.000000
0.000000,0.000000,0.000000,0.000000,0.328036,0.000000
0.000000,0.058187,0.000000,0.000000,0.000000,0.000000
0.000000,-0.624593,0.000000,0.000000,0.000000,0.000000
0.000000,0.000000,0.000000,0.070333,-0.992685,0.000000
0.000000,0.085501,0.000000,0.000000,0.000000,0.287046
0.512127,0.000000,0.330051,0.000000,0.000000,0.000000
0.000000,0.000000,0.000000,0.356805,0.000000,-0.405348
0.000000,0.226666,-0.015655,-0.670585,-0.540887,0.000000
0.000000,0.767864,0.000000,0.043888,0.000000,0.220605
#
0.000000,0.000000,0.000000
0.000000,0.044276,0.000000
0.040951,-0.397806,0.000000
0.000000,0.000000,0.000000
0.000000,0.000000,0.000000
0.359362,-0.159321,-0.329258