#
0.075948,0.000000,0.025377,0.297698,-0.273196,-0.180074
-0.107775,0.000000,-0.146715,-0.222900,-0.303902,0.613612
0.000000,0.000000,0.000000,0.058666,0.205859,0.077576
0.174360,0.000000,0.175129,0.459604,0.011748,0.192997
0.145998,0.515850,0.136846,0.037161,0.000000,0.000000
0.441673,-0.246090,-0.033367,0.383087,0.383629,0.259163
0.299251,0.000000,-0.559574,0.083031,0.147173,0.061168
0.000000,-0.264221,0.000000,0.000000,0.339917,0.260906
-0.057604,0.000000,0.000000,-0.118400,-0.268972,0.757681
-0.227643,0.189288,0.407229,-0.064930,-0.185812,0.275923
0.000000,-0.499418,0.000000,0.000000,0.154439,-0.866122
0.365968,0.001405,0.000000,-0.280108,-0.462362,0.181488
0.000000,-0.007235,0.437715,-0.307136,-0.306942,0.070432
0.000000,0.200327,0.000000,0.158115,0.000000,-0.398257
0.000000,0.106979,0.166849,0.000000,-0.241828,0.000000
-0.168455,0.000000,0.002901,0.000000,0.080376,0.021343
0.178443,0.280620,0.046603,-0.195817,0.000000,0.000000
-0.240269,-0.352484,0.005614,0.155916,0.000000,-0.366092
0.000000,0.049956,-0.188525,0.000000,-0.405894,-0.290949
-0.166202,-0.602306,0.000000,-0.357300,-0.056473,0.000000
-0.307161,0.380183,0.130391,0.128742,0.000000,-0.240270
-0.442219,-0.032292,0.000000,-0.077943,0.000000,0.000000
-0.162337,0.100829,0.000000,-0.050415,-0.005075,0.322791
0.183186,0.647926,0.000000,0.000000,-0.032130,0.206766
0.009817,-0.528370,0.854915,-0.398417,0.000000,0.562968
#
0.000000,0.000000,0.000000,-0.067586,0.422949,0.470006
0.000000,-0.154316,0.000000,0.000000,0.771423,-0.218716
-0.142401,0.124084,0.363938,-0.150839,-0.197822,-0.477529
0.112656,0.363519,0.254803,-0.036187,0.000000,0.052586
0.000000,0.721041,0.051163,0.557985,0.180210,0.380410
0.000000,0.069090,0.068050,-0.484157,-0.076215,0.634083
#
-0.208130,0.000000,0.294276
-0.117031,0.000000,-0.810102
0.430933,-0.361706,-0.066069
0.000000,-0.206572,-0.031851
-1.000000,0.424024,0.000000
0.000000,0.387064,0.554419