#
-0.996369,0.553044,0.491923,-0.254453,-0.233420,-0.759332
-0.011776,-0.101984,0.000000,0.113723,-0.011699,0.135453
0.211760,0.032576,-0.419083,0.646824,1.000000,-1.000000
1.000000,-0.587177,-0.102804,0.240923,0.206441,0.000000
0.335815,0.156276,0.161221,-0.003683,-0.176133,0.432862
-0.085307,0.241041,-0.011370,1.000000,-0.047954,0.079833
-0.397352,0.162755,0.000000,-0.061780,0.000000,-0.608772
-0.418167,-0.098655,-0.210636,0.454925,-0.017875,1.000000
0.228831,0.596516,-0.084320,-0.274694,-0.912425,0.348349
-0.147956,-0.191969,-0.448378,0.000000,0.000000,-0.368126
0.362948,0.320614,0.096094,0.598073,0.000000,-0.348401
0.598974,0.290535,0.396744,0.491323,-0.175667,-0.021138
-0.194747,0.336507,0.000000,0.583801,-0.557284,-0.940753
-0.311044,-0.266007,0.665848,0.283273,-0.627011,0.236041
-0.600924,-0.041153,0.331923,0.168181,0.233905,0.145412
-0.054316,1.000000,-0.250455,0.000000,-0.853268,-0.090910
0.101887,-1.000000,0.000000,0.242469,0.000000,0.035373
0.000000,0.741643,0.543519,0.350557,0.014670,0.000000
-0.245268,0.019428,0.347098,0.656717,0.409571,-1.000000
-0.025638,0.755386,-0.127655,0.753062,-0.697901,0.175743
0.115678,-0.168632,-0.165187,-0.487020,0.252587,0.621274
0.396930,-0.702652,0.000000,-0.216531,0.441662,0.097134
0.139839,-0.475463,0.477100,0.201978,0.388728,-0.258567
-0.736529,0.317680,-0.301517,-0.041089,-0.065820,0.227362
-0.339271,0.605235,-0.481096,0.416961,0.379470,-0.508962
#
-0.057281,0.347727,0.433950
0.786327,-0.737229,-0.253489
0.107475,0.000000,0.696056
0.519471,-0.515965,-0.595075
0.450394,0.000000,0.180450
-0.049750,0.218403,0.215034