#
0.556946,0.000000,0.024670,0.632124,0.000000,0.000000
0.000000,0.000000,0.284443,0.000000,0.000000,0.000000
0.000000,0.000000,0.000000,0.000000,0.000000,0.000000
0.000000,0.000000,0.000000,0.000000,0.000000,0.000000
0.000000,0.000000,0.000000,0.000000,0.000000,0.000000
0.000000,0.000000,0.000000,-0.382221,0.000000,0.000000
0.000000,0.000000,0.000000,0.000000,0.000000,0.000000
0.000000,0.000000,0.000000,0.000000,0.000000,0.258146
0.000000,-0.349774,0.000000,0.000000,0.000000,0.000000
0.000000,0.000000,0.000000,0.248917,0.000000,-0.135370
0.553395,0.000000,0.000000,0.000000,0.000000,0.000000
0.000000,0.000000,0.000000,0.000000,0.000000,0.000000
0.000000,0.000000,0.000000,0.000000,0.000000,0.000000
0.000000,0.000000,0.000000,0.000000,-0.640543,-0.285747
0.000000,0.000000,0.000000,0.000000,0.082290,0.000000
0.370530,0.000000,0.000000,0.198128,-0.019124,0.000000
0.000000,0.000000,0.000000,0.000000,0.000000,-0.202073
0.000000,0.480606,0.000000,0.000000,0.000000,0.000000
0.000000,0.000000,0.000000,0.000000,0.000000,0.000000
0.000000,0.000000,0.000000,-0.016722,0.000000,0.000000
-0.172808,0.000000,-0.109523,0.000000,0.186595,0.000000
0.000000,0.000000,0.000000,0.000000,-0.384517,0.000000
-0.429659,0.000000,0.000000,0.268338,0.000000,0.000000
0.000000,0.000000,0.000000,0.000000,0.416170,0.000000
-0.190168,0.000000,0.181713,0.059634,0.095749,-0.150487
#
0.000000,0.000000,0.000000
-0.179558,0.000000,-0.192454
0.000000,0.000000,0.000000
0.520977,0.000000,0.000000
0.000000,0.236641,0.000000
0.023412,0.000000,-0.374246