#
0.000000,0.000000,0.000000,-0.405470,0.000000,0.000000
0.000000,0.000000,-1.000000,0.000000,0.000000,0.000000
0.000000,0.000000,0.000000,0.000000,0.000000,0.000000
0.000000,0.000000,0.000000,0.000000,-0.367682,0.000000
0.000000,0.091496,0.000000,0.000000,0.000000,-0.266641
0.086075,0.000000,0.000000,0.000000,0.000000,0.000000
0.000000,0.000000,0.000000,0.000000,0.000000,0.000000
0.632927,-0.123920,0.000000,0.000000,0.488948,-0.056881
0.000000,0.000000,0.169704,0.000000,-0.801064,0.000000
0.000000,-0.364408,0.000000,0.000000,0.000000,0.000000
0.000000,0.000000,0.000000,0.337391,0.000000,0.000000
0.119199,0.000000,0.000000,0.000000,0.000000,0.000000
0.000000,0.000000,-0.079743,0.000000,0.000000,0.000000
0.000000,0.474618,0.000000,0.000000,0.000000,0.297580
0.000000,0.000000,0.000000,0.000000,0.000000,0.000000
0.000000,0.322689,0.000000,0.000000,-0.309623,0.000000
0.000000,0.000000,-0.253573,0.000000,0.000000,0.000000
0.000000,-0.091746,0.000000,0.000000,0.000000,0.000000
-0.312500,0.000000,0.000000,0.000000,0.000000,0.000000
0.000000,0.000000,0.000000,0.000000,0.000000,0.090574
0.000000,0.000000,0.000000,0.000000,0.000000,-0.204084
0.000000,0.000000,0.000000,0.000000,0.000000,0.000000
0.000000,0.000000,0.000000,-0.228894,0.109032,0.000000
0.000000,0.000000,0.000000,0.000000,0.067843,0.000000
0.000000,-0.252620,0.235922,0.000000,0.000000,0.000000
#
0.000000,0.000000
-0.751181,0.000000
0.000000,0.000000
0.000000,0.000000
0.000000,0.000000
0.000000,0.548964