#
0.082022,0.000000,0.000000,1.000000,0.074387,-0.090124
0.000000,-0.385696,0.282691,0.000000,0.158752,-0.056208
0.000000,-0.117267,-0.537180,-0.008180,0.075948,-0.277858
0.000000,0.000000,0.000000,-0.326243,0.298986,0.000000
0.025377,0.000000,0.000000,0.000000,0.000000,0.000000
0.000000,0.124312,0.000000,0.000000,-0.286073,0.556118
0.363519,0.000000,0.000000,0.000000,0.000000,0.000000
0.000000,0.000000,0.000000,0.000000,0.000000,0.000000
0.000000,0.000000,0.000000,0.000000,0.000000,0.000000
0.254803,-0.208395,-0.030970,0.000000,-0.210813,0.000000
0.186712,0.332615,0.188634,-0.005965,-0.180074,0.298628
0.005635,0.051495,0.000000,-0.312043,0.100191,-0.046872
0.000000,0.000000,0.557985,0.000000,0.000000,0.180210
0.000000,-0.238843,-0.222900,0.000000,0.000000,-0.096436
0.225996,0.000000,0.000000,0.000000,-0.374941,0.000000
0.000000,0.000000,0.000000,0.000000,0.380410,0.171965
0.056572,0.000000,0.068050,0.061726,0.229250,0.000000
-0.214366,0.000000,0.000000,-0.339704,0.000000,0.000000
0.000000,-0.057539,0.000000,-0.357989,0.000000,0.000000
0.328476,-0.076215,-0.265547,0.337363,0.205859,-0.021161
0.387637,0.077576,0.000000,0.120024,0.000000,0.000000
-0.112595,0.000000,0.000000,0.000000,0.000000,0.000000
-0.108803,-0.044121,0.557862,0.000000,0.000000,-0.477673
0.037447,0.000000,0.211925,0.025624,0.000000,0.178514
0.424351,0.000000,-0.173379,0.000000,0.000000,-0.418164
#
-0.066069,0.000000,-0.341346,0.057212,0.000000,-0.202621
0.000000,0.369217,0.000000,0.175129,-0.101802,-0.234087
0.132168,0.000000,0.143020,0.115081,0.000000,-0.293372
0.000000,0.000000,0.000000,0.321596,0.000000,-0.372252
0.200940,0.000000,0.205534,0.000000,0.000000,0.735591
-0.239311,0.419470,0.000000,0.000000,0.709966,0.374845
#
0.000000,0.460508,0.000000
0.000000,0.000000,0.000000
-0.741307,-0.173045,0.007955
-0.502939,0.000000,0.000000
0.000000,0.213819,-0.722840
0.000000,0.000000,0.504860