#
0.620663,0.029607,0.000000,-0.037742,0.863216,-0.382195
-0.123796,0.000000,0.000000,0.000000,0.000000,0.445570
0.000000,0.000000,0.000000,-0.318729,0.482696,0.000000
0.000000,0.000000,0.000000,0.000000,0.000000,0.000000
0.277437,0.000000,0.000000,0.000000,0.000000,0.000000
0.000000,-0.188216,0.000000,0.209881,0.000000,0.370360
0.362671,0.097302,0.000000,-0.449893,-0.109484,0.222909
0.000000,0.000000,0.000000,-0.272829,0.013873,-0.322545
0.000000,-0.210086,0.000000,-0.060552,0.000000,-0.607041
0.000000,0.000000,-0.184105,0.000000,0.000000,0.431468
0.006574,-0.133227,0.688825,-0.339087,-0.260050,0.000000
-0.379014,0.000000,0.746240,-0.434856,0.039910,0.221353
-0.267159,0.000000,0.000000,0.000000,-0.024637,0.328955
-0.067128,0.000000,0.000000,0.000000,0.233754,0.000000
0.000000,0.000000,0.394587,0.000000,0.000000,0.000000
0.000000,0.000000,0.426460,0.000000,0.000000,0.000000
0.000000,0.000000,0.000000,0.000000,0.000000,0.000000
0.476635,0.000000,0.000000,-0.385472,0.000000,-0.228673
0.000000,0.000000,0.240169,-0.016422,0.047039,0.000000
0.000000,0.000000,-0.888827,0.588258,-0.299679,0.000000
0.000000,0.402051,0.000000,0.090506,0.000000,0.216810
0.000000,0.000000,0.000000,0.000000,0.000000,0.000000
0.000000,0.000000,-0.506088,-0.172954,0.000000,0.956233
-0.024354,-0.289483,0.000000,0.447764,0.000000,0.000000
0.000000,0.558764,0.000000,0.000000,0.456681,0.000000
#
-0.477437,0.000000,0.000000
0.000000,0.000000,0.000000
-0.347245,-0.024157,0.000000
-0.118769,0.000000,0.397437
0.092196,0.000000,0.418010
0.000000,0.000000,0.000000