#
0.485494,0.609423,0.306865,0.000000,0.000000,0.000000
0.000000,-0.817489,-0.848550,0.000000,0.000000,0.000000
0.196604,0.000000,-0.039921,0.000000,-0.003851,0.000000
-0.035171,0.358790,-0.307711,0.028444,0.000000,0.000000
0.000000,0.000000,0.000000,0.589137,-0.023980,0.000000
0.253437,0.000000,0.000000,0.000000,0.347298,0.174347
-0.025292,0.000000,0.000000,0.000000,-0.441562,0.064432
0.237293,0.000000,0.000000,0.000000,0.000000,0.000000
0.000000,0.000000,0.000000,0.000000,0.000000,0.000000
0.000000,0.353417,-0.009993,0.000000,-0.367585,0.000000
0.078172,0.000000,0.000000,0.089310,0.000000,0.000000
0.267531,0.224121,-0.558150,0.000000,0.231674,-0.364737
0.000000,0.000000,0.000000,0.000000,0.000000,-0.273196
-0.036926,-0.809058,0.000000,0.319820,0.000000,0.000000
-0.121422,0.000000,0.140855,0.062044,0.030424,0.000000
0.000000,-0.075699,0.000000,0.000000,0.247259,-0.156198
0.000000,0.000000,0.000000,0.358377,0.000000,0.000000
0.000000,0.000000,0.000000,0.038159,0.667055,-0.456234
-0.616741,0.000000,0.669446,-0.062241,0.000000,0.239067
0.000000,-0.030847,0.000000,0.457788,0.000000,0.000000
0.000000,0.458841,0.222657,0.699619,-0.090327,-0.869643
0.847593,0.034570,-0.417443,0.375483,0.000000,0.000000
0.000000,0.779700,0.000000,0.000000,-0.175460,0.000000
-0.680123,0.149207,0.000000,0.103945,-0.130734,-0.584178
0.205567,0.000000,0.000000,0.000000,0.000000,0.210053
#
0.000000,0.000000,-0.242554
0.000000,-0.074140,-0.440524
0.000000,0.000000,0.000000
0.404804,0.000000,0.000000
0.059705,0.000000,-0.307968
0.000000,0.000000,0.000000