#
0.317797,0.393773,0.000000,0.577709,0.000000,0.107591
0.000000,0.000000,-0.476321,-0.836658,-0.034472,0.000000
-0.072072,0.000000,0.000000,-0.152511,0.000000,0.210165
0.000000,-0.296937,-0.359277,0.285080,0.000000,0.457603
0.565876,0.000000,0.368423,0.286910,0.339644,0.000000
0.000000,-0.283017,0.788711,-0.379686,0.000000,0.000000
0.908339,-0.577856,0.000000,-1.000000,0.261564,0.000000
-0.237931,0.281285,-0.220892,0.347315,-0.016485,0.142658
-0.176564,0.000000,-0.123617,0.000000,0.000000,0.000000
0.000000,-0.113682,-0.190512,-0.002063,0.000000,0.000000
0.000000,0.245559,-0.073322,-0.493992,0.000000,-0.997917
0.010319,0.072392,-0.218277,-0.127314,-0.196165,0.000000
0.000000,-0.098080,-0.455101,0.000000,-0.621121,0.000000
-0.842299,0.000000,0.000000,-0.350308,-0.678023,0.000000
-0.291153,0.129473,0.081221,0.277373,0.185562,0.025737
-0.024637,0.000000,-0.178492,0.102096,0.000000,0.132234
-0.174328,0.128770,-0.336433,0.288795,0.000000,-0.312942
0.000000,-0.232687,0.386496,0.468051,0.328955,0.516876
-0.871526,0.076874,1.000000,-0.067128,0.000000,0.000000
0.108743,0.105412,0.427992,0.195574,0.000000,0.000000
1.000000,-0.118286,0.188955,0.000000,0.124329,-0.663413
-0.070114,0.000000,-0.182200,0.000000,0.000000,0.434654
0.000000,0.000000,-1.000000,0.159817,0.000000,0.000000
0.000000,0.000000,0.126744,0.164182,0.000000,-0.570161
-0.137796,0.442668,0.000000,0.483533,0.713381,0.000000
#
-0.700072,0.246353,-0.679665
0.000000,0.050351,0.203420
0.000000,0.000000,-0.477838
0.218365,0.000000,0.056532
-0.055102,0.196840,0.135920
0.718943,-0.201169,0.000000