#
0.278421,0.167749,0.319594,0.000000,0.000000,0.000000
0.299068,0.183777,0.088606,0.299978,0.105213,0.000000
-0.354616,0.347315,0.511109,-0.219553,0.933133,-0.494425
-0.164572,0.393667,-0.706097,-0.103995,-0.176769,-0.210260
0.483162,0.187020,-0.553062,0.000000,0.080074,0.000000
0.000000,-0.310814,0.000000,0.000000,0.006574,-0.206365
-0.062197,0.000000,0.000000,-0.033731,0.096878,0.603969
0.463907,0.328955,-0.709689,0.449582,0.000000,-0.254312
0.000000,-0.878702,0.000000,-0.067128,0.000000,-0.210837
0.000000,0.236688,0.000000,0.000000,0.249161,0.052325
-0.784636,0.000000,-0.070525,0.000000,-0.083024,-0.102326
0.000000,-0.449786,-0.101264,0.276032,0.177457,0.000000
0.198652,0.000000,-0.005626,0.000000,-0.074770,-0.493782
-0.339183,0.000000,-0.470306,-0.168632,0.000582,0.000000
0.240169,1.000000,0.000000,0.611627,0.111764,-0.080846
-0.304601,0.336379,-0.542035,-0.093815,0.220650,0.000000
0.023535,0.522474,-0.750049,-0.534090,0.435938,-0.031022
0.000000,0.749558,0.110517,0.000000,0.000000,0.000000
0.004668,0.000000,0.186609,0.082423,0.241474,0.000000
0.125603,-0.142497,-0.275825,0.095293,-0.308895,0.547659
0.206275,0.000000,0.000000,-0.427467,0.000000,-1.000000
0.210919,0.000878,0.000000,0.496129,0.872038,-1.000000
-0.214337,0.000000,0.517814,0.000000,0.000000,0.318444
-0.037466,-0.083095,0.000000,-0.167352,0.327299,0.329622
0.301084,0.565864,0.781342,0.224246,0.000000,0.114819
#
1.000000,0.515736,0.170586
-0.495696,-0.267050,-0.588336
0.269111,0.000000,-0.482054
-0.080909,0.000000,-0.355596
0.490574,0.501775,0.000000
0.000000,0.877196,0.000000