#
0.175310,-0.357709,0.000000,0.325351,0.000000,-0.761707
0.318714,0.483955,0.000000,-0.072841,-0.038395,0.000000
0.000000,0.000000,-0.226646,0.096513,0.000000,0.047372
-0.155318,0.147887,0.000000,0.000000,0.000000,-0.042522
0.311001,-0.224474,0.000000,0.335426,0.078690,0.000000
0.000000,0.701504,0.346489,0.285395,-0.011611,0.000000
-0.308889,-0.107899,-0.221412,-0.057282,-0.953348,0.312900
0.501521,0.576784,-0.199639,0.144306,0.000000,0.619967
0.312188,-0.243451,0.232294,-0.089608,-0.074715,0.378737
0.230220,-0.254005,-0.113973,1.000000,0.000000,-0.112408
-0.273196,-0.485008,-0.501374,-0.117744,0.000000,0.000000
0.388953,-0.189082,0.054518,-0.286857,-0.529543,-0.850890
0.555077,0.252782,0.000000,0.125591,0.000000,0.062403
0.362762,-0.033331,-0.546789,-0.040037,-0.038109,0.000000
0.000000,-0.301181,0.165564,0.050798,0.074332,-0.046237
-0.129102,-0.022839,0.027124,-0.021118,0.281961,-0.102381
0.097915,0.168968,-0.192866,-0.208788,-0.599379,-0.506903
-0.673477,-0.246968,0.000000,0.196388,0.000000,-0.244797
-0.366290,0.205859,0.461301,-0.007507,0.079072,-0.102288
-0.203188,-0.449674,0.000000,-0.477269,-0.232078,0.000000
0.450422,-0.425853,0.000000,0.092786,-0.389084,0.427066
0.174360,0.031405,0.254264,0.153886,0.175129,0.000000
0.275737,-0.749115,-0.352874,0.357319,0.000000,-0.474968
-0.492328,0.000000,0.121498,-0.234309,-0.316290,0.388553
0.000000,-0.101802,-0.084760,0.000000,0.127949,0.509998
#
0.033119,0.352031,-0.243708,0.000000,-0.367138,-0.353612
0.000000,-0.169521,-0.023409,-0.003130,0.182031,-0.406070
-0.761309,0.186364,-0.134196,0.484402,-0.148461,-0.446990
0.194933,0.166993,0.145998,0.136846,-0.323687,-0.215984
-0.028384,0.000000,-0.093614,-0.059848,0.103930,0.634123
-0.457881,0.000000,-0.558515,0.497366,0.933559,1.000000
#
-0.503168,-0.260072,0.178468
-0.040630,-0.559574,0.000000
-0.287573,-0.094466,0.233504
-0.272310,-0.327854,0.194485
0.184188,-0.181137,0.738976
0.458177,-0.398809,0.434639