#
0.343943,-0.040154,0.000000,0.000000,0.000000,0.000000
0.239686,0.000000,0.449883,-0.181282,0.000000,0.000000
0.011155,-0.440518,0.107229,-0.078973,0.000000,0.000000
-0.442824,-0.561241,-0.719577,0.000000,0.000000,0.000000
-0.405970,0.341677,0.138963,-0.092125,0.000000,0.125669
0.000000,0.000000,0.000000,0.193051,-0.032064,-0.521198
-0.161210,0.000000,0.358950,-0.220563,0.000000,0.733303
-0.237294,0.000000,0.000000,0.000000,0.000000,0.000000
0.000000,-0.026920,-0.117336,0.000000,0.118369,0.127637
0.000000,-0.137076,0.000000,-0.309372,0.422930,0.000000
0.449125,-0.461436,-0.312202,-0.371766,0.411567,-0.056842
0.000000,0.915216,0.000000,-0.066206,0.086321,0.000000
0.000000,0.016548,0.000000,0.000000,-0.501110,0.000000
-0.778619,-0.210572,0.000000,0.062212,0.000000,-0.210603
0.587655,-0.005767,0.000000,0.000000,0.000000,0.285023
0.000000,-0.095598,-0.076540,0.000000,-0.162129,0.197195
0.000000,-0.351412,0.000000,0.000000,0.000000,-0.669485
0.383790,0.143672,0.000000,-0.090746,0.000000,0.000000
-0.006127,0.884961,0.000000,0.000000,0.000000,-0.097774
-0.699930,0.189333,0.000000,0.040087,-0.140213,0.045380
0.329524,0.210567,-0.449589,0.137290,0.000000,0.000000
0.393923,-0.473898,-0.123749,-0.120665,-0.035091,-0.144979
0.000000,0.439503,-0.229434,0.000000,0.000000,0.267313
-0.599525,0.610043,0.000000,-0.440225,0.000000,0.000000
0.000000,-0.553645,-0.748848,0.000000,0.000000,-0.216221
#
-1.000000,0.000000,0.000000
0.000000,-0.129940,-0.820611
-0.002063,0.000000,-1.000000
-0.067596,0.219999,0.000000
-0.356513,-0.270621,0.000000
0.099681,0.000000,0.000000