#
0.409432,0.005762,-0.466032,-0.497156,0.116342,0.000000
-0.232718,-0.119607,0.341443,-0.066072,0.152051,-0.775548
0.411471,0.389538,-0.195107,0.322359,0.231500,-0.097830
0.325809,0.032359,-0.799544,0.000000,0.647208,-0.081192
0.000000,0.075520,0.510361,0.000000,0.404133,0.174679
0.000000,0.344206,0.361966,-0.121517,0.000000,0.351055
-0.050245,-1.000000,-0.194189,-0.215382,0.824872,0.531993
0.131506,0.422099,-0.123250,-0.032750,-0.372451,-0.090992
0.219639,0.187557,-0.711379,-0.485407,0.000000,-0.518256
0.058493,0.738860,0.362169,-0.004603,-0.424094,0.577429
-0.134729,-0.102729,0.048509,-0.550082,-0.432021,0.536877
0.167676,0.392720,0.105499,1.000000,0.272447,0.010403
-0.580585,0.230559,0.000000,-0.194887,0.175961,0.326704
0.385739,0.035854,-0.822109,0.468812,-0.434221,-0.638645
0.000000,0.020928,-0.903295,0.000000,0.069887,0.364940
0.000000,0.000000,-0.184043,-0.526338,0.858613,0.000000
0.950723,0.156903,-0.681793,0.000000,0.403970,-0.735756
-0.257520,-0.466713,-1.000000,0.000000,-0.221768,-0.377169
0.529158,0.458355,0.468971,0.078290,-0.459638,0.137055
-0.159783,0.490100,-0.067922,-0.090592,0.651759,0.509772
-0.130412,0.259163,0.204308,0.816990,0.375313,-0.023731
-0.559574,0.054062,-0.311020,0.031557,-0.032961,0.377329
-0.321412,-0.355047,-0.505719,0.189679,0.000000,-0.333273
-0.242738,-0.236930,0.158899,0.158486,-0.264221,-0.780541
0.081045,0.154528,0.397346,-0.046836,-0.011044,0.000000
#
-0.092364,0.387693,-0.172482,-0.533775,0.097803,0.191116
-0.839955,-0.386764,0.346977,-0.232279,-0.459381,-0.596138
0.000000,-0.090047,0.128552,0.474532,0.000000,-0.499010
0.000000,-0.008670,0.515853,0.000000,0.279215,0.008791
-0.227643,-0.687621,-0.177176,-0.142758,-0.118748,-0.277858
-0.142512,0.494438,0.842030,0.000000,-0.155327,0.612416
#
-0.429896,0.752449,-0.581609
-0.041496,0.565096,0.303058
0.545975,0.000000,-0.224501
0.000000,0.126579,-0.125079
-0.478811,0.217345,0.448589
0.357835,0.155475,-0.450150