#
0.000000,-0.305898,0.000000,0.000000,0.000000,0.000000
-0.557912,0.000000,0.000000,0.000000,0.000000,0.000000
0.000000,0.000000,0.115137,0.000000,0.075948,0.025377
0.000000,0.000000,0.000000,0.000000,0.000000,0.000000
0.000000,0.000000,0.000000,0.000000,0.000000,0.000000
0.000000,0.000000,0.000000,0.000000,0.297698,0.000000
0.000000,0.000000,0.000000,0.044940,0.000000,0.000000
0.000000,0.000000,0.000000,0.000000,0.000000,0.000000
-0.179200,0.000000,0.000000,0.000000,0.000000,-0.273196
0.000000,0.000000,0.000000,0.000000,0.000000,0.000000
0.000000,0.000000,0.000000,0.000000,0.000000,0.000000
0.000000,0.000000,0.000000,0.000000,0.000000,0.000000
0.000000,0.000000,-0.237707,0.000000,0.000000,0.000000
0.000000,0.000000,0.000000,0.000000,0.000000,0.000000
-0.180074,0.000000,0.363002,0.000000,0.000000,0.000000
0.000000,0.000000,0.000000,0.000000,0.000000,0.000000
0.000000,0.000000,0.460345,0.000000,0.000000,0.000000
0.000000,0.000000,0.000000,0.145215,0.000000,0.000000
0.000000,0.000000,0.000000,0.000000,0.000000,0.000000
0.000000,0.000000,0.000000,0.000000,0.000000,0.000000
0.000000,0.000000,0.000000,0.000000,0.000000,0.000000
0.000000,0.000000,0.000000,0.000000,0.000000,0.000000
0.000000,0.000000,0.000000,0.000000,0.000000,0.000000
0.000000,0.000000,0.000000,0.000000,0.000000,0.000000
0.000000,0.000000,0.000000,0.000000,0.000000,0.000000
#
0.000000,0.000000
0.000000,0.000000
0.574863,0.000000
0.000000,0.000000
0.000000,0.000000
0.000000,0.000000