#
1.000000,0.086348,0.752292,-0.735683,0.407883,-1.000000
-0.101253,0.539441,-0.681569,1.000000,0.306461,0.592562
-0.466579,-1.000000,0.251686,-0.259003,-0.435674,0.532989
-0.274471,0.043167,-0.881384,-0.222811,-0.837684,-0.705310
0.397599,0.036564,-0.087941,0.393630,0.305168,0.344786
0.320909,-0.880925,0.723487,0.736802,-0.623952,-0.193888
-0.854059,0.319517,-0.645653,-0.337047,0.646171,0.399455
-0.006490,-0.043514,0.363871,-0.731820,0.626554,0.470259
-0.933127,-0.770604,-0.282973,-0.117129,-0.953334,-0.059816
0.140878,-0.381625,-0.444456,-0.778834,-0.224984,0.604606
-0.253286,0.877143,0.549669,-1.000000,-0.081791,-0.718689
0.227608,0.166518,0.129883,-1.000000,0.363794,-0.209199
0.347961,-0.005316,0.047286,-0.685321,-0.200162,0.342243
0.450873,-0.663212,-0.296485,-1.000000,1.000000,0.218905
0.283595,-1.000000,0.741141,-1.000000,-0.365107,0.246458
1.000000,-0.781750,0.627907,0.590749,-0.279536,-0.503153
0.263403,-1.000000,0.347670,-0.130689,-0.135735,0.146167
-0.276992,-1.000000,-0.273902,-0.915458,0.693063,0.201366
1.000000,-0.991993,1.000000,-0.899251,-0.030573,0.095538
0.768550,0.541918,-0.199004,-0.318106,0.278716,0.026645
1.000000,0.100298,0.436223,0.960241,-0.331735,1.000000
0.124183,-0.185581,0.192057,0.155648,0.815304,0.712145
1.000000,-0.479620,-0.368375,-0.079054,-0.051869,0.142632
-0.488595,0.024855,-0.013745,0.129322,-0.486600,0.221003
0.594681,-0.631395,1.000000,-0.464760,-0.064729,0.366766
#
0.708907,0.228592,1.000000,1.000000
0.514761,-0.462046,-0.445766,0.052182
-0.052713,-0.338774,0.065746,0.292369
-0.594451,-0.927674,0.390426,-0.815045
-0.001823,-0.220871,-0.323682,0.621454
1.000000,-0.791207,0.286082,0.315511
#
0.250398,0.879081
1.000000,0.542277
1.000000,1.000000
0.168779,-0.185516
#Data
2,2,2,2