#
0.000000,0.000000,0.000000,-0.135423,0.000000,0.000000
0.000000,0.000000,-0.373249,-0.324420,0.000000,0.000000
0.000000,0.000000,0.000000,0.000000,0.000000,0.000000
-0.506410,0.000000,0.000000,-0.157118,0.000000,0.000000
0.000000,0.000000,0.000000,0.000000,0.000000,0.000000
0.000000,0.000000,0.026969,0.546443,0.000000,0.000000
0.000000,0.000000,0.000000,0.000000,0.000000,0.088353
0.000000,0.000000,0.000000,-0.023230,0.226143,-0.325925
0.000000,-0.063019,0.000000,0.510002,0.000000,-0.199126
-0.326853,0.000000,-0.026453,0.000000,-0.131687,-0.327576
-0.035173,-0.265018,0.000000,0.000000,0.000000,0.343178
0.000000,0.000000,0.003889,0.000000,0.097081,0.000000
0.000000,0.000000,0.648833,0.337391,0.000000,0.000000
0.000000,0.000000,0.000000,0.000000,0.000000,-1.000000
-0.362270,0.000000,0.000000,0.024334,0.000000,0.000000
0.125571,0.183065,0.000000,0.000000,0.000000,0.000000
0.406208,0.000000,0.000000,0.000000,0.000000,0.000000
0.464703,0.604811,0.000000,0.000000,-0.146530,0.000000
0.000000,0.322819,0.208707,0.087051,-0.348375,0.528444
0.000000,0.006386,0.000000,0.666238,0.000000,0.000000
0.000000,0.000000,-0.104534,0.094935,-0.147607,0.000000
0.000000,0.000000,0.000000,0.000000,0.000000,0.000000
0.000000,0.000000,0.000000,0.000000,0.000000,-0.038571
0.000000,0.000000,-0.517279,0.000000,0.000000,0.000000
-0.252620,-0.227166,-0.118708,0.000000,0.000000,0.000000
#
0.000000,0.000000
0.000000,0.036868
0.199265,0.075715
0.000000,0.000000
0.000000,0.270812
0.000000,0.321165