#
-0.158782,0.778800,0.590427,-0.978777,0.518849,0.000000
-0.130201,0.000000,0.085330,0.671988,0.000000,0.000000
0.000000,0.000000,0.000000,0.000000,0.282283,-0.514555
0.000000,0.000000,-0.013853,0.379613,0.000000,0.000000
0.000000,0.615401,-0.451433,0.000000,0.000000,-0.003007
-0.461436,0.000000,0.029607,0.000000,-0.089717,0.000000
-0.060441,0.000000,0.000000,-0.371766,0.915216,0.000000
0.000000,0.771062,0.786462,-0.076911,0.000000,0.347315
-0.536339,-0.104970,-0.235590,0.185077,0.185379,0.000000
-0.108550,-0.318729,0.000000,0.584673,-0.105491,0.483420
-0.501110,-0.220227,-0.240294,0.000000,-0.430067,0.000000
0.064627,0.122866,0.592884,-0.172298,0.000000,0.000000
0.000000,0.000000,0.755622,1.000000,-0.087349,0.000000
-0.260050,-0.445193,0.065300,1.000000,-0.093148,0.000000
0.000000,0.000000,-0.036996,-0.271832,0.000000,0.000000
-0.115766,0.328955,0.000000,-0.090613,0.000000,0.000000
0.295246,-0.067128,0.000000,0.000000,0.000000,0.436588
0.000000,0.000000,-0.364771,0.756070,0.000000,0.000000
0.448606,-0.138851,0.033999,0.000000,0.480375,-0.137650
0.000000,-0.674604,0.184179,0.000000,0.000000,0.000000
0.000000,0.297578,0.000000,0.090344,-0.274963,0.036114
-0.487505,-0.118769,-0.213259,0.018722,0.000000,0.000000
0.000000,0.613076,0.000000,0.088616,-0.396319,0.322339
0.238869,-0.423707,0.159654,-0.150822,-0.120810,-0.164720
0.000000,0.189333,0.574419,-0.185687,0.000000,-0.460026
#
0.790406,0.192873,-0.179402
0.068393,0.091544,0.589004
1.000000,0.021403,0.000000
0.531856,0.000000,-0.140213
0.000000,-0.060552,-0.351969
0.000000,0.000000,-0.607041