#
-0.211773,-0.689651,-1.000000,0.000000,0.883224,0.000000
0.785841,-0.273246,-0.008790,0.203816,-0.292360,0.000000
0.213724,0.794185,-0.760707,-0.069205,-0.012178,-0.746609
-0.199548,0.083105,0.000000,0.000000,-1.000000,-0.439664
0.308113,0.614566,-0.815137,-0.749857,-0.808691,-0.022386
-0.381025,0.000000,-0.308571,0.257166,-0.425946,-0.317193
-0.203567,0.000000,0.353862,0.617218,0.087886,0.404530
0.000000,-0.106661,-0.736822,0.405637,-0.110993,-0.558447
-0.509942,-0.912583,0.056973,0.484111,-0.028866,-0.186110
0.274479,-0.141583,0.000000,0.000000,0.549613,-0.174307
0.000000,-1.000000,-0.162851,0.000000,0.000000,-0.047687
-0.350383,0.000000,-0.627119,0.474131,0.000000,0.000000
-0.589577,-0.174171,0.000000,-0.110318,-0.109488,-0.240864
0.000000,0.738579,-0.282101,0.000000,0.171787,-0.471958
-0.376552,0.000000,0.013191,-0.128460,0.004803,-0.392452
0.298089,-0.025075,0.584232,0.047373,0.000000,0.143844
0.459689,0.569896,1.000000,0.000000,-0.564348,0.611848
0.127174,-0.034480,0.376686,-0.283018,-0.270027,0.135300
0.478297,0.194664,0.000000,-0.108319,0.651261,0.182462
0.278054,0.048844,0.345551,0.000000,-0.118645,1.000000
0.454922,-0.583793,-0.213102,0.987799,0.000000,0.037366
-0.416831,0.602992,0.057660,-0.372257,-0.299856,0.196231
-0.527734,-0.385580,0.046274,0.175371,0.218252,-0.006789
-0.548363,-0.188963,-1.000000,0.000000,-0.551063,0.573956
0.531864,-0.094518,0.000000,0.517404,0.350699,-0.132880
#
0.726870,0.077353
0.006986,0.333358
0.000000,0.000000
0.343219,0.085893
-0.095885,0.521471
0.730534,-0.735945