#
-0.965016,-0.279957,-0.007795,1.000000,-1.000000,-0.163142
-0.202280,-1.000000,0.031049,-1.000000,-0.101315,0.316759
0.224472,-0.505019,1.000000,0.304139,0.787648,-0.657652
-1.000000,0.287140,0.375573,0.246083,-0.135309,-0.419612
-0.426221,-0.382119,0.427700,0.232048,0.781629,-0.070890
-0.450222,-0.320297,1.000000,0.821239,0.912227,0.899369
-0.739765,0.760566,-0.437384,1.000000,-0.325305,0.297195
-0.111378,-0.034526,0.944124,-0.807541,-0.141287,-1.000000
0.357649,0.690602,-0.740269,-0.934874,-0.415684,0.401930
-0.103233,-0.448386,0.030685,0.419107,-0.644003,-0.192118
0.847225,-0.357630,0.640999,-0.358978,-0.051869,0.229875
-0.307014,-0.377393,0.493241,-0.741058,-0.101986,0.509991
-1.000000,1.000000,-0.654550,0.582981,0.592825,-0.305910
-0.926179,1.000000,0.514796,0.040291,0.852865,0.590242
0.094062,0.136227,-0.124815,0.179342,-1.000000,-0.144317
0.792722,-1.000000,1.000000,-0.308676,0.816606,0.722316
-0.834150,0.414563,0.458545,-0.503690,-1.000000,-0.808239
-0.619129,0.361382,0.612184,1.000000,-0.194488,-0.460089
-0.174932,-0.564664,-0.357960,0.133767,-0.308570,0.427407
0.592329,-0.127223,-0.169563,0.430214,-0.282608,-0.012925
0.486672,-1.000000,0.478461,0.641231,-0.350215,0.823490
1.000000,0.293981,-0.239290,-0.566765,-0.331919,-1.000000
0.017725,0.710532,1.000000,-0.641593,-0.780744,-1.000000
1.000000,0.122693,-1.000000,0.430113,0.207714,0.826936
0.279448,-1.000000,0.094440,1.000000,0.932012,-0.495491
#
-1.000000,-1.000000
0.219544,-0.744238
-0.144036,0.718286
0.919791,0.582445
-0.714489,-1.000000
-1.000000,-0.352394