#
0.000000,0.000000,0.216984,0.144075,0.722893,0.000000
-0.152211,0.000691,0.000000,0.000000,0.000000,-0.003443
0.156306,0.000000,0.000000,0.000000,-0.099236,0.967172
0.000000,0.000000,0.241529,0.000000,0.000000,0.623966
0.321468,0.000000,0.000000,0.000000,0.000000,0.000000
0.000000,0.000000,-0.504671,0.000000,0.331815,0.000000
0.000000,0.082447,0.000000,0.000000,0.000000,0.000000
0.047929,0.000000,0.000000,0.313696,0.017524,0.000000
0.033836,0.000000,0.000000,0.668492,0.000000,0.000000
0.000000,0.373477,0.000000,0.000000,0.000000,-0.145501
0.000000,0.000000,0.000000,-1.000000,0.000000,0.971840
0.637092,0.000000,0.000000,0.396931,0.000000,0.000000
0.319489,0.000000,0.609423,0.000000,0.256875,0.000000
0.080887,0.000000,0.000000,0.613505,0.000000,-0.381671
0.000000,-0.178019,0.000000,0.000000,0.000000,0.000000
-0.276930,0.000000,-0.223665,0.000000,-0.075134,0.000000
0.000000,-0.457087,-0.116655,0.383788,0.086443,0.165749
0.000000,0.000000,0.564254,-0.071511,0.000000,-0.364262
0.000000,0.082707,0.000000,0.000000,0.000000,0.000000
0.000000,0.000000,0.000000,0.000000,0.000000,0.285930
0.000000,0.000000,0.985695,-0.157408,0.010920,0.000000
0.040460,0.672192,0.000000,0.000000,-0.646130,-0.197293
0.000000,0.000000,0.000000,0.000000,0.000000,0.605966
0.000000,0.000000,-0.876859,-0.240099,0.000000,0.000000
0.000000,0.000000,0.000000,0.000000,-0.867116,-0.539243
#
0.000000,0.000000
0.000000,0.000000
-0.539529,0.000000
0.000000,0.000000
0.000000,-0.597527
0.000000,0.000000