#
0.000000,0.000000,0.000000,0.000000,0.557363,0.000000
0.000000,0.000000,-1.000000,0.000000,0.226444,0.000000
0.000000,0.000000,0.000000,0.000000,0.000000,0.000000
0.000000,0.000000,-0.452168,0.000000,0.285415,0.000000
0.000000,0.137801,0.000000,0.000000,0.000000,0.000000
0.000000,0.000000,0.000000,-0.300044,0.000000,0.000000
0.000000,0.086075,-0.814153,0.000000,0.000000,0.000000
0.000000,0.000000,0.000000,0.000000,0.000000,0.028761
0.000000,0.000000,0.166918,0.242716,0.000000,0.000000
0.000000,0.000000,0.000000,0.000000,-0.071477,0.000000
0.000000,0.053273,0.000000,0.000000,0.000000,0.000000
-0.226744,0.000000,-0.010736,0.000000,0.000000,0.000000
-0.040789,0.000000,0.000000,0.000000,0.000000,0.069109
0.000000,0.000000,0.000000,0.000000,0.000000,0.000000
0.252837,0.000000,-0.220114,0.000000,0.000000,0.000000
0.000000,-0.800532,0.000000,0.204268,-0.449337,0.000000
0.000000,0.000000,0.535384,0.000000,0.000000,0.424348
0.000000,0.000000,0.000000,0.000000,0.000000,0.000000
0.000000,0.000000,0.000000,0.000000,0.000000,-0.215318
0.000000,0.000000,0.000000,0.000000,0.000000,-0.521954
0.000000,0.000000,-0.309623,0.239338,0.000000,0.000000
0.111075,0.000000,0.231144,0.000000,0.453419,0.000000
0.000000,-0.154214,-0.178240,0.000000,0.191374,0.000000
0.000000,0.000000,0.000000,0.000000,0.000000,0.000000
0.000000,0.000000,0.000000,0.000000,0.000000,0.000000
#
0.192141,0.000000
0.000000,0.000000
0.000000,0.000000
0.094531,0.000000
-0.287864,-0.389255
0.000000,0.943949