#
0.000000,0.765948,0.000000,0.000000,0.378250,0.000000,-0.449095,-0.346880,0.000000,0.000000
0.000000,0.000000,-0.020322,-0.226296,0.000000,0.000000,0.233350,-0.109168,-0.270257,0.000000
0.000000,-0.161641,0.000000,0.000000,0.000000,-0.142451,-0.160182,0.112249,0.000000,-0.160271
0.006466,-0.245509,0.106010,0.000000,0.240548,0.000000,-0.204469,0.000000,0.000000,0.000000
0.000000,-0.084162,0.000000,0.209539,0.000000,0.063042,0.130946,0.000000,-0.298713,0.000000
0.000000,0.000000,-0.013192,-0.258079,0.000000,-0.028846,-0.310113,0.000000,0.150133,0.000000
0.000000,0.202802,-0.034172,0.173663,0.000000,0.000000,0.000000,0.000000,0.000000,0.000000
0.000000,0.000000,0.000000,0.000000,0.000000,0.120212,0.000000,0.074405,0.000000,-0.493574
0.000000,-0.017122,-0.181025,-0.168844,0.000000,0.000000,0.000000,0.231515,0.000000,0.000000
0.422029,-0.062562,0.000000,0.000000,0.000000,0.000000,-0.025309,0.000000,0.000000,0.000000
0.357924,0.000000,-0.525875,-0.642485,0.139659,0.000000,0.000000,0.000000,0.000000,0.000000
0.000000,0.005910,0.000000,0.000000,0.075875,0.000000,0.000000,0.000000,0.000000,-0.245736
0.000000,0.000000,0.000000,0.000000,0.000000,0.000000,0.000000,0.000000,0.108020,0.000000
0.000000,0.000000,0.000000,0.000000,0.031593,0.000000,0.290300,0.000000,0.049908,0.000000
0.240401,0.000000,0.000000,0.000000,-0.107556,-0.151550,0.000000,0.000000,0.336050,0.000000
-0.013856,0.000000,-0.065818,0.000000,0.000000,-0.183372,0.000000,0.000000,0.000000,0.000000
0.000000,0.175398,0.000000,0.000000,0.000000,0.000000,0.000000,0.000000,0.000000,0.000000
0.000000,-0.119579,0.000000,0.000000,0.000000,0.000000,0.000000,0.000000,0.000000,0.000000
0.000000,0.309674,0.000000,0.000000,0.000000,-0.127613,0.302662,0.045909,0.000000,-0.066116
0.000000,0.000000,0.310628,0.000000,0.000000,0.000000,0.000000,0.000000,-0.120159,-0.193764
-0.293626,0.000000,0.000000,0.000000,-0.149502,-0.016202,0.000000,0.000000,0.000000,0.000000
0.000000,0.056600,0.113302,0.000000,-0.096041,0.056665,0.000000,0.000000,0.000000,0.000000
0.000000,0.000000,0.048546,0.166152,0.000000,0.105596,0.000000,-0.148660,0.000000,0.000000
0.000000,0.000000,0.000000,-0.367639,0.000000,0.000000,0.000000,0.000000,0.000000,0.000000
-0.027902,-0.079034,0.000000,0.520058,0.062590,0.000000,0.078164,0.000000,0.000000,-0.525521
0.000000,-0.244449,0.000000,-0.021317,0.000000,-0.751690,0.000000,0.000000,0.000000,0.000000
-0.214446,-0.023372,0.079561,0.000000,0.000000,0.000000,-0.329951,0.000000,0.000000,0.000000
0.000000,0.000000,0.000000,-0.103975,0.000000,0.000000,0.000000,-0.152775,0.000000,-0.015646
0.000000,-0.489737,0.129332,0.254611,-0.020873,-0.070453,0.000000,0.000000,0.000000,0.000000
0.000000,-0.315314,0.131040,0.000000,-0.077270,0.000000,-0.098786,0.000000,0.000000,0.000000
0.000000,-0.102737,0.000000,0.000000,0.000000,0.000000,0.153151,0.000000,0.000000,0.000000
0.000000,0.000000,0.000000,0.000000,-0.033902,0.374913,0.000000,0.000000,0.000000,0.000000
0.000000,-0.141025,0.345890,0.000000,0.028091,0.212946,0.000000,0.000000,0.000000,0.000000
0.000000,-0.193946,0.000000,0.000000,0.000000,0.000000,0.000000,0.093586,0.240262,0.000000
-0.147889,0.000000,0.000000,0.027587,0.000000,-0.083132,-0.077610,0.000000,-0.316590,0.000000
#
0.132031,-0.290523,-0.510979
-0.597572,-0.297471,-0.124657
0.521602,-0.375576,-0.634465
-0.014264,-0.201791,0.032379
0.364675,-0.002224,-0.278066
0.121889,0.011245,-0.132610
0.157604,0.023563,1.000000
-0.113457,0.289179,0.019477
-0.606420,0.271833,-0.046616
0.221230,-0.228173,0.761931