#
0.163146,-0.070316,-0.020424,-0.000184
0.179399,-0.271927,0.000000,0.475177
-0.297848,-0.180230,0.000000,-0.632381
0.650318,0.000000,0.230339,0.106199
-0.479759,0.647230,-0.209761,-0.121608
0.094866,0.164502,0.393645,-0.257782
0.000000,0.000000,-0.429395,-0.096580
0.148365,0.217421,-0.402904,-0.223720
0.244706,-0.255452,-0.830116,-0.318362
0.000000,-0.053733,0.294257,-0.150014
0.266297,0.275222,-0.202675,-0.623701
0.041321,-0.444498,0.248204,0.041806
0.151559,0.169792,0.245324,0.271659
0.359657,0.165542,-0.294516,0.389128
-0.305043,-0.348643,-0.131416,0.268353
0.000000,-0.237637,-0.109561,-0.078332
-0.448349,-0.312264,0.260992,-0.200080
-0.001807,-0.052480,0.058575,0.078911
-0.129322,0.000000,-0.010370,0.000000
-0.153650,0.521908,0.142498,0.018048
-0.528528,-0.021032,0.291415,-0.191296
0.074954,-0.301705,0.135632,-0.344634
-0.192301,-0.488485,0.114563,0.335345
-0.161463,0.007592,-0.006319,0.000000
-0.191615,-0.480746,0.410054,0.393125
0.007387,0.570867,-1.000000,0.016790
0.263717,-0.034648,0.072480,0.078964
-0.048258,0.027597,0.396766,0.713435
0.559191,0.303869,0.218056,0.241517
-0.186277,0.037822,0.024445,-0.098577
-0.033821,0.075272,-0.388309,-0.237754
-0.336178,-0.442588,-0.181648,0.496521
-0.050583,0.049273,-0.204748,-0.444277
0.000000,0.339693,-0.014312,0.040708
-0.019540,-0.163791,0.271343,-0.053539
#
-0.572275,-1.000000,0.029577
1.000000,-0.318745,1.000000
1.000000,-0.531997,-0.194843
-0.502281,-0.853740,-0.304870