#
0.058886,0.031324,-0.251440,0.899135
-0.322033,-0.259006,0.225247,-0.418092
-0.219058,0.021328,0.155641,-0.079114
0.000000,0.816477,-0.551712,-0.146921
-0.009676,0.057564,-0.082172,0.159690
0.203373,-0.327916,0.725759,0.358643
0.008987,0.098141,0.512772,-0.111904
-0.289593,-0.045715,0.204108,0.345185
-0.016480,0.005392,-0.168109,0.242176
0.121881,-0.128548,0.108630,-0.343264
0.074030,0.413503,0.235359,-0.099835
-0.146749,0.273346,0.000000,-0.074259
0.294541,-0.643578,0.404504,0.124545
-0.182629,-0.135926,0.047307,0.116833
0.757052,0.079805,-0.073407,-0.061182
-0.396150,0.762274,-0.025723,-0.065307
0.032465,0.333165,-0.407589,0.482624
0.309336,0.000000,-0.423227,0.033826
0.011756,0.001464,0.129792,-0.191904
0.178260,0.885143,0.000000,0.000000
-0.083466,-0.131931,-0.165805,0.483491
0.088596,0.000000,-0.000646,-0.282048
0.284720,-0.200408,0.179531,0.000000
-0.065861,0.349272,0.000000,0.000000
-0.141985,-0.198674,0.167326,-0.410596
0.115457,0.387013,-0.007261,-0.297419
0.000000,0.038774,0.000000,-0.173517
-0.064272,0.030370,0.633773,-0.013307
-0.099791,0.108805,0.015039,0.479053
0.432956,-0.555164,-0.095960,0.369961
0.615647,0.083905,-0.062072,-0.432517
0.324001,-0.297457,-0.065724,0.468628
0.449726,-0.304497,-0.046141,-0.099264
-0.198281,0.082210,-0.268234,0.261050
0.228318,0.119240,-0.022605,0.453489
#
0.130787,0.111555,1.000000
0.764680,0.001523,-0.843991
1.000000,-0.265366,0.413861
-0.674919,1.000000,-0.278693