#
0.148803,0.203678,-0.102430,0.039521
-0.215598,-0.019281,-0.353814,0.090712
-0.144711,0.007038,0.000000,-0.161732
0.346633,-0.226150,1.000000,-0.334320
0.000000,0.055254,-0.219407,-0.231010
0.135819,-0.096912,-0.583398,0.235792
0.090901,0.000000,0.000000,-0.188709
-0.244897,-0.097754,0.000000,0.350788
0.000000,-0.512853,0.938955,-0.236568
0.072598,0.160209,0.023500,0.000000
0.000000,0.017404,0.458389,0.000000
0.479192,-0.123888,-0.083526,0.265228
0.579232,0.000000,0.375912,0.161164
-0.752846,0.301981,-0.205816,-0.216495
0.000000,-0.183069,0.106210,-0.321646
0.151402,0.000000,0.201995,0.172321
0.167689,0.000000,0.000000,0.288329
0.000000,0.119704,-0.365337,0.000000
0.000000,-0.069505,0.204180,0.000000
0.000000,0.367618,-0.171204,0.000000
-0.044764,0.033306,0.064412,-0.024029
0.722001,0.000000,0.492742,0.000000
-0.004700,-0.154591,-0.388204,-0.328301
-0.322176,-0.228517,0.127158,0.000000
0.048024,0.023102,-0.155150,0.000000
0.000000,-0.338934,0.119783,-0.030766
-0.463736,0.427882,-0.723132,0.000000
0.033497,0.000000,-0.024095,0.000000
0.095962,-0.212116,-0.186890,0.259360
0.406061,-0.532084,0.000000,-0.176005
0.000000,0.188634,0.164561,0.000000
0.000000,0.257581,0.000747,0.517597
0.577282,-0.462420,-0.397913,0.000000
-0.394571,0.225089,0.111249,-0.129700
-0.075261,-0.070366,0.070272,0.000000
#
-0.333525,-0.057315,0.265948
-0.653004,1.000000,-1.000000
0.041075,-0.233664,0.624131
-0.973368,-0.578053,0.882125