#
0.000000,0.228971,-0.432175,0.184712,-0.032511,0.296579,-0.120591,0.000000
0.113236,0.000000,0.000000,0.135287,0.000000,0.000000,0.175528,0.000000
-0.421719,0.000000,0.000000,0.000000,0.000000,-0.366492,0.000000,0.020477
-0.432985,0.292660,-0.271107,0.000000,0.463146,0.010761,0.000000,0.070290
0.000000,-0.161984,0.000000,-0.723664,0.000000,0.087184,0.000000,0.000000
0.000000,0.289611,-0.073480,0.000000,0.138859,0.283508,-0.121069,0.276905
0.000000,0.000000,0.000000,0.116356,0.000000,0.000000,-0.019799,0.059354
0.025692,0.174503,0.000000,0.000000,0.000000,-0.049633,0.116873,-0.309224
-0.101639,-0.058068,0.253067,0.000000,0.026786,0.000000,0.000000,0.000000
-0.466516,0.000000,-0.166042,0.023232,0.000000,-0.336250,0.000000,-0.045384
0.000000,0.235232,0.000000,0.092340,0.000000,0.132289,0.000000,-0.090073
0.000000,0.000000,0.000000,0.000000,0.211689,-0.214003,0.000000,0.010433
0.000000,0.000000,0.224284,0.139099,0.039582,0.000000,0.000000,-0.330862
0.000000,0.000000,0.000000,-0.173054,0.000000,-0.065570,0.000000,-0.026521
0.000000,0.000000,-0.027872,0.000000,-0.200429,0.000000,0.000000,0.000000
0.000000,0.069249,0.266545,0.000000,0.000000,0.218350,0.000000,0.000000
-0.053361,-0.035318,-0.222877,0.000000,-0.016459,-0.220288,-0.091930,0.000000
0.012822,0.000000,0.000000,-0.226975,0.031962,-0.416046,0.033245,-0.000429
-0.139254,-0.273447,0.000000,-0.012024,0.265901,-0.048548,0.255730,-0.394203
0.026518,0.050412,0.000000,0.000000,0.000000,0.099235,0.000000,0.000000
0.000000,0.000000,-0.075175,0.000000,0.118734,-0.382136,0.000000,0.000000
0.000000,-0.042939,0.080215,-0.137532,0.000000,0.338966,0.076581,0.000000
0.000000,0.000000,0.000000,0.000000,-0.117470,0.000000,0.001292,0.000000
-0.060856,0.383663,0.000000,0.000000,-0.522048,0.047794,-0.467096,0.235800
0.000000,0.175915,0.099669,-0.206476,-0.337968,0.000000,-0.144140,0.000000
-0.381892,-0.041125,0.081485,0.000000,0.049106,0.074228,-0.147000,0.000000
0.000000,-0.533268,0.144187,0.000000,0.000000,0.099164,0.000000,0.000000
0.000000,0.163458,0.000000,0.000000,-0.046999,0.000000,0.000000,0.074704
0.118868,0.041072,-0.224030,0.000000,-0.099071,-0.416171,0.000000,0.000000
0.000000,0.011907,-0.349834,0.122548,0.148371,0.177524,0.119036,-0.294096
0.000000,0.000000,0.000000,0.000000,-0.236970,0.000000,-0.404406,0.000000
0.146993,-0.116290,0.000000,0.000000,-0.063610,-0.116946,0.311214,0.000000
0.291369,0.000000,0.082449,-0.325304,0.000000,0.000000,0.263849,0.000000
0.000000,-0.015015,0.108591,-0.209890,0.000000,0.000000,0.000000,0.000000
0.000000,0.000000,0.000000,0.000000,-0.020633,0.000000,0.000000,0.000000
#
-0.220047,-0.363845,-0.539315,0.418212,-0.342332,-0.228095
-0.655539,-0.436168,0.095750,-0.602343,-0.043234,1.000000
0.446455,-0.126441,-0.481401,-0.657094,0.325016,0.431293
-0.073547,0.332550,-0.740224,-0.144699,-0.234522,-0.326329
0.152712,-0.409160,0.629628,-0.340270,0.217847,-0.019586
-0.422788,0.560229,-0.023326,-0.847627,-0.158223,0.048228
0.533748,0.548202,0.502544,-0.205756,-0.243538,-0.270896
0.307207,-0.246011,0.192108,0.439937,0.665132,0.295963
#
0.631556,0.109944,-0.982985
0.077820,0.562616,-0.393305
-1.000000,-0.834317,0.401984
0.151946,-0.079314,-1.000000
-0.862467,-0.214679,-0.146231
-0.209946,0.675694,0.138149