#
0.000000,0.243684,0.000000,0.000000,0.000000,0.000000,0.000000,0.000000
0.000000,0.000000,0.000000,0.000000,0.000000,0.000000,0.000000,0.313211
0.000000,0.376387,0.065278,-0.064301,0.000000,0.000000,0.000000,0.000000
0.000000,0.000000,0.291349,0.334723,-0.210624,0.000000,0.000000,0.240309
-0.197562,0.000000,0.000000,0.461014,0.000000,0.000000,-0.192506,-0.162194
0.000000,0.000000,0.000000,0.064313,0.000000,0.000000,0.000000,0.048220
-0.162238,0.000000,0.000000,0.000000,-0.055046,0.000000,0.000000,0.558611
0.025093,0.000000,0.000000,-0.169670,0.000000,0.000000,0.000000,0.000000
0.000000,-0.437171,0.000000,0.000000,0.000000,0.000000,0.209440,-0.191189
0.000000,0.000000,0.000000,-0.099047,0.000000,0.000000,0.000000,0.000000
0.000000,0.000000,0.000000,0.000000,0.000000,-0.034140,0.256620,0.000000
0.000000,-0.324744,0.038223,0.000000,0.000000,0.051795,0.124566,0.000000
0.000000,0.000000,0.000000,0.000000,0.000000,0.059159,0.000000,0.000000
0.378667,0.000000,0.000000,-0.055830,0.000000,0.000000,0.000000,0.000000
0.000000,0.000000,0.000000,0.395958,-0.280786,-0.374672,0.039046,-0.171319
0.000000,0.000000,0.000000,0.000000,0.000000,0.000000,0.000000,0.000000
0.000000,0.000000,0.000000,0.000000,0.000000,0.454506,0.000000,0.000000
0.000000,0.000000,0.000000,0.018755,0.000000,-0.093621,0.000000,0.000000
0.000000,-0.101442,0.000000,0.000000,0.000000,0.000000,0.000000,-0.572185
0.016790,-0.195645,0.000000,0.234329,-0.359037,0.000000,0.000000,0.000000
-0.310762,-0.005712,-0.321052,0.047621,0.000000,0.000000,0.000000,0.000000
-0.443915,0.000000,0.083286,0.000000,0.000000,0.000000,0.129870,0.000000
0.000000,0.014335,-0.187953,0.000000,0.000000,0.148920,0.000000,0.000000
0.000000,-0.242231,0.000000,0.000000,0.000000,0.000000,0.000000,0.025884
0.000000,0.236567,0.000000,-0.115441,0.000000,0.000000,0.000000,0.020307
0.000000,0.000000,0.000000,0.000000,0.000000,0.310229,0.000000,-0.082668
0.000000,0.249691,0.000000,0.000000,0.000000,0.000000,0.000000,0.000000
0.000000,0.000000,0.000000,0.000000,-0.076885,0.000000,-0.067087,0.000000
0.000000,0.000000,-0.166398,0.000000,0.000000,0.000000,0.000000,0.000000
0.000000,0.000000,0.000000,0.002413,-0.012552,0.000000,0.000000,0.000000
0.000000,0.000000,0.000000,0.000000,0.318730,0.000000,0.000000,0.000000
-0.091478,0.028854,0.000000,0.000000,0.004485,0.000000,-0.250093,0.000000
0.205601,0.000000,0.000000,-0.318254,0.000000,0.000000,0.000000,0.000000
0.000000,-0.043825,0.000000,0.000000,0.000000,0.067095,-0.014501,0.000000
0.000000,0.000000,0.000000,0.000000,0.000000,0.000000,0.000000,0.054254
#
-0.393882,-0.289053,0.000000,-0.455926,0.345236,-0.112530
0.122457,0.365729,0.081843,-0.616907,0.154634,0.134145
-0.095199,-0.345358,-0.148292,-0.135083,-0.113243,-0.018664
0.008097,-0.129532,0.000000,0.122609,-0.098120,0.367021
0.359362,0.140997,0.105267,-0.178948,-0.058450,0.030793
-0.482069,0.478955,-0.029797,0.022374,0.000000,-0.086011
-0.051921,-0.349420,0.000000,-0.423547,-0.033492,-0.349683
0.097029,0.353132,0.029707,0.000000,0.237671,0.000000
#
0.013390,-0.018030,0.619398
-1.000000,-0.057938,-0.014802
-0.053053,0.106803,-0.038690
-0.007888,-0.088654,0.389974
-0.327857,-0.147316,-0.121855
0.267489,0.004806,0.225672