#
-0.137415,0.000000,0.130946,0.000000,-0.034228,0.000000,0.000000,-0.009691
-0.231534,0.000000,0.071236,-0.039264,0.252972,0.080540,-0.098389,0.014762
-0.492979,0.000000,-0.058143,0.000000,-0.013183,-0.124532,0.393691,0.000000
-0.212112,0.101102,-0.030583,0.814422,0.000000,0.169246,0.111734,0.344718
0.000000,0.206342,0.077012,0.000000,-0.293030,-0.063373,-0.122800,0.476832
-0.119764,-0.250190,0.000000,0.058566,-0.183127,0.175667,0.160013,0.000000
0.000000,0.000000,0.039471,0.000000,-0.582413,0.136919,0.000000,0.261649
-0.613991,0.186642,0.278328,-0.201572,0.019283,0.285149,0.187273,-0.189155
0.000000,0.127253,-0.261797,-0.310627,0.118422,0.103311,-0.304139,-0.197833
0.266107,0.486368,0.034673,0.120572,0.000000,0.059118,0.211554,-0.466311
0.000000,-0.059426,0.000000,0.513206,0.031772,-0.606038,0.074628,-0.289950
-0.185676,0.451193,-0.042586,0.041667,0.177423,0.078442,-0.104417,0.230558
0.162608,0.000000,-0.077302,0.321592,0.000000,0.000000,0.056765,0.074366
0.191488,0.000000,0.040725,0.000000,-0.179067,-0.029787,0.086520,-0.044652
0.000000,0.183016,0.116097,0.000000,-0.186123,0.000000,-0.016138,-0.128081
0.147156,-0.533308,-0.039959,-0.212623,0.436213,0.000000,0.000000,0.341755
0.000000,-0.068210,0.000000,0.000000,-0.010405,0.000000,0.000000,0.000000
0.000000,0.000000,0.099328,0.410213,-0.002960,0.062137,0.000000,0.000000
0.000000,0.011950,0.000000,0.026353,0.000000,-0.224812,0.622833,0.000000
0.299519,-0.160584,0.649880,0.144393,-0.121542,-0.383942,0.000000,0.000000
-0.046246,0.011666,-0.045032,0.276398,0.000000,0.000000,0.027980,0.235813
0.141650,0.000000,-0.172011,0.079512,-0.261932,0.271109,0.162233,-0.319813
-0.108315,0.000000,0.000000,-0.053497,-0.157246,0.000000,0.000000,0.073348
-0.346068,0.377346,0.000000,-0.247380,0.000000,0.000000,0.000000,-0.092641
-0.194675,-0.022349,0.000000,0.000000,0.237249,-0.021605,0.003831,0.000000
0.000000,-0.043825,0.269817,0.000000,0.000000,0.000000,0.000000,0.000000
0.237458,0.000000,0.097092,0.056037,-0.693255,-0.180755,0.174213,0.000000
0.122976,0.000000,0.000000,0.524713,-0.264881,0.191592,0.015936,-0.244289
-0.205382,-0.283220,0.059670,-0.208979,0.000000,0.423286,-0.098633,0.000000
-0.013638,0.131352,0.018101,0.000000,0.000000,-0.274723,0.374057,0.310058
0.000000,0.000000,0.033455,-0.340841,0.075847,0.000000,0.000000,-0.221491
0.000000,-0.046026,0.381333,0.289718,0.082961,0.000000,0.000000,0.000000
0.141573,0.500418,0.000000,0.392514,-0.089944,0.000000,0.000000,0.156667
0.000000,0.000000,-0.033851,-0.417298,0.000000,0.000000,0.036564,0.000000
-0.154423,0.128113,-0.078036,0.071809,0.000000,0.000000,0.088884,0.203129
#
-0.792872,-0.048340,-0.430110,-0.067333,0.179162,0.344727
0.566999,0.643898,0.359020,-0.134997,0.487077,-0.081938
-1.000000,0.474661,0.828733,0.425776,0.112073,-0.452651
-0.693683,-0.252013,-0.095451,0.791730,-0.925560,-0.183710
0.310066,-0.435606,0.149495,-0.588872,0.163053,0.035989
0.253053,0.559991,-0.073562,-0.681322,-0.130110,-0.285514
-0.802636,0.061813,0.108706,-0.327728,-0.427837,0.106568
0.866325,-0.898385,0.411611,-0.251366,-0.008844,-0.279303
#
-0.574066,-0.324030,-0.152972
-1.000000,0.808070,-0.137771
1.000000,0.678913,-0.476375
-0.940367,0.997361,-0.766185
0.512306,-0.838573,0.684315
0.708102,-0.998081,0.187442