#
0.329626,0.006871,-0.131417,-0.181367,0.000000,0.000000
0.000000,0.000000,-0.509394,0.000000,0.000000,-0.048248
0.167481,0.000000,0.101264,0.000000,0.004115,-0.027462
-0.321556,0.000000,0.000000,-0.234578,0.254596,-0.190836
#
0.000000,0.000000,0.587468,0.000000,-0.043409,0.000000,0.000000,0.000000
0.057826,-0.010058,0.000000,0.000000,-0.135638,0.000000,0.000000,0.074291
0.000000,0.060973,0.000000,-0.238673,0.000000,0.000000,0.012991,0.000000
0.045834,-0.088367,0.000000,0.161417,-0.163168,0.000000,0.000000,0.000000
0.188907,0.000000,0.000000,0.000000,0.269647,0.000000,-0.103020,0.000000
0.000000,0.000000,-0.010617,0.000000,0.000000,0.000000,0.000000,0.000000
#
0.134838,0.000000,0.244182
0.185110,0.304675,-0.141206
-0.655144,-0.051287,0.000000
0.000000,0.000000,0.074654
0.000000,0.281695,0.000000
0.000000,0.295084,0.098115
-0.141792,0.000000,0.000000
0.000000,0.203896,-0.027789