#
0.444296,-0.955203,0.000000,0.000000,0.180896,0.156023,-0.069741,0.000000,0.340075,0.000000
0.000000,0.000000,-0.201904,-0.512225,0.126404,0.000000,0.000000,0.023379,0.045790,-0.299533
-0.515316,-0.209720,0.000000,-0.619075,0.000000,-0.382591,-0.764656,0.000000,0.000000,0.158382
0.178854,-0.489457,-0.166793,0.598961,0.367345,0.292739,-0.203890,-0.031393,0.000000,-0.289134
0.000000,-0.586641,0.000000,0.656544,-0.083844,-0.379939,-0.153397,-0.495818,0.000000,0.000000
0.000000,0.054124,-0.002099,0.000000,-0.628562,0.018746,0.000000,0.000000,0.704735,0.000000
-0.041794,0.000000,0.000000,-0.308267,0.000000,0.000000,0.000000,0.000000,0.159016,0.000000
-0.292291,-0.650288,0.167241,0.155416,0.000000,0.000000,0.391011,0.000000,0.033859,-0.202154
-0.208724,0.000000,0.000000,0.000000,0.000000,0.000000,-0.091503,-0.461012,0.000000,0.000000
0.000000,-0.055250,0.000000,0.340915,-0.228216,0.164099,0.588333,0.056196,0.006547,-0.417004
0.000000,-0.126455,0.257022,0.070353,0.353484,0.000000,0.754894,-0.096162,0.000000,0.000000
0.153193,-0.160765,-0.175353,-0.285782,0.403017,0.000000,0.119016,0.000000,-0.280443,0.220347
-0.220883,0.000000,0.175262,0.084828,0.000000,-0.317219,-0.432414,0.000000,0.109543,0.023587
0.000000,-0.027402,0.000000,-0.500050,0.000000,-0.608432,0.000000,0.054415,0.000000,0.000000
0.000000,0.000000,0.000000,0.000000,0.383148,0.342722,0.350752,-0.786041,-0.435801,-0.035906
0.000000,0.000000,0.045044,0.000000,0.094380,0.000000,0.000000,0.000000,0.139185,-0.206054
0.000000,0.000000,0.000000,0.029662,0.000000,0.000000,-0.196153,0.028567,-0.135624,-0.037362
-0.323818,0.327118,0.000000,-0.189527,0.000000,0.292097,0.098524,0.000000,0.000000,0.000000
0.000000,-0.075065,0.297577,-0.234182,-0.393053,0.000000,-0.038376,0.000000,-0.768269,0.000000
0.000000,0.027589,-0.010441,0.000000,0.000000,0.000000,0.097773,0.000000,0.000000,0.000000
-0.792331,0.114719,0.048986,-0.529325,0.000000,0.288842,0.000000,0.000000,0.000000,0.000000
-0.252557,0.000000,-0.527535,0.000000,0.000000,0.175936,0.000000,-0.105383,0.000000,0.000000
0.000000,-0.161787,0.186144,-0.242276,0.756464,0.029482,-0.017428,0.000000,-0.033754,0.358689
0.000000,0.320119,0.171533,-0.099790,0.087045,-0.024335,0.000000,0.000000,0.000000,0.345325
-0.406610,-0.105032,0.259652,-0.395201,-0.068440,-0.178014,0.000000,-0.058151,0.000000,-0.571378
-0.416263,-0.650076,0.512456,1.000000,-0.063787,0.007426,-0.244947,0.172421,0.000000,0.000000
0.000000,0.000000,-0.362380,0.101716,0.000000,0.139195,0.649732,0.000000,0.334600,0.000000
0.000000,0.441958,-0.776751,-0.018310,0.000000,0.000000,0.000000,-0.057421,-0.481898,0.000000
-0.227827,0.000000,-0.060241,0.000000,-0.310600,0.119347,0.000000,-0.496625,-0.259322,-0.239272
0.000000,0.000000,0.000000,0.000000,-0.202815,-0.528530,-0.140874,0.508873,0.309556,0.538311
0.000000,0.294752,0.031836,0.000000,-0.284975,0.019297,-0.273171,-0.191224,-0.321885,0.187583
-0.070412,-0.037203,0.000000,-0.125369,0.139025,0.000000,0.000000,0.000000,0.288033,-0.017370
0.428726,0.000000,-0.189964,-0.536422,-0.229565,0.000000,-0.189690,0.430187,0.000000,0.000000
0.000000,-0.296562,0.000000,-0.322965,0.000000,0.034235,0.456104,0.000000,0.063170,-0.617240
0.013448,0.000000,1.000000,-0.392547,-0.515646,-0.107068,0.000000,0.000000,-0.440203,0.000000
-0.125230,0.000000,-0.328605,-0.138833,-0.268658,-0.192003,0.079031,0.000000,-0.505700,0.335654
-0.064758,-0.119897,0.097367,0.000000,0.077325,0.000000,0.000000,0.247794,0.007681,-0.461920
0.084133,0.000000,0.000000,0.000000,-0.128496,-0.192570,-0.181675,0.000000,-0.046431,0.000000
-0.190220,0.000000,0.130117,0.000000,-0.235861,0.000000,-0.097495,0.000000,-0.026746,0.000000
0.000000,0.000000,-0.183782,0.511017,-0.008868,0.000000,0.145603,0.269693,0.000000,-0.447004
0.000000,0.000000,-0.060699,0.143298,0.000000,0.109230,-0.225308,-0.295437,0.000000,-0.032259
-0.050938,-0.202245,-1.000000,0.044903,0.031865,0.000000,0.158995,0.000000,0.000000,0.000000
0.000000,0.000000,0.000000,0.464523,0.015424,-0.052066,0.567677,0.000000,0.761915,0.186935
0.000000,0.000000,0.000000,-0.212085,0.370983,0.351519,0.000000,-0.541281,-0.220351,0.000000
-0.417177,-0.510872,0.509824,-0.245606,-0.368494,0.082791,0.000000,0.000000,0.000000,0.000000
0.000000,-0.478999,0.000000,-0.083685,0.344884,0.000000,0.000000,0.000000,-0.281329,0.163815
0.000000,0.000000,-0.160285,0.113731,-0.358090,-0.156964,0.021377,0.000000,0.000000,0.000000
0.180965,-0.009520,-0.327462,0.058539,-0.329796,0.000000,0.180732,0.286526,0.000000,0.000000
0.000000,-0.072419,0.000000,0.000000,-0.167864,0.000000,0.000000,0.000000,0.236476,-0.122959
-0.009926,-0.613540,0.000000,0.001589,0.712617,0.000000,-0.074477,0.000000,-0.116251,0.000000
-0.378454,-0.002254,0.000000,0.000000,-0.775481,-0.133507,0.343364,-0.808557,0.930468,0.061390
0.000000,0.000000,0.344878,0.000000,-0.143026,0.409070,0.000000,0.004724,-0.265179,-0.005231
0.178642,0.000000,-0.211411,0.000000,0.000000,0.000000,0.045451,0.000000,0.095028,0.436428
0.085106,-0.401725,0.000000,0.000000,-0.632942,0.000000,0.000000,0.000000,-0.395358,0.000000
0.000000,0.000000,0.000000,0.158207,-0.076015,0.000000,0.000000,0.000000,0.000000,0.001027
0.000000,0.000000,0.000000,-0.336583,-0.089703,0.509715,0.446830,0.131869,0.000000,-0.005222
0.381244,0.000000,0.000000,-0.383674,-0.130170,-0.324960,0.000000,0.000000,0.294134,0.000000
0.000000,0.412778,0.000000,0.219462,-0.011681,0.000000,-0.751253,0.155930,-0.373296,0.000000
0.721488,0.000000,-0.616354,1.000000,0.000000,0.000000,-0.186774,-0.115193,-0.212513,0.000000
0.000000,0.560725,0.135931,-0.091620,0.000000,-0.107838,0.000000,0.246718,0.000000,-0.061803
0.000000,-0.896376,0.412499,-0.000377,0.000000,0.404418,0.000000,0.218597,0.000000,0.000000
0.000000,0.424382,0.000000,0.000000,0.000000,-0.487843,0.189234,-0.169993,0.000000,-0.476941
0.433885,0.000000,0.000000,0.000000,-0.398299,0.340571,0.000000,0.000000,0.196794,0.000000
#
0.000000,0.000000
0.000000,-0.415303
0.000000,0.000000
0.000000,-0.033984
0.212689,0.000000
-0.575736,-0.266686
0.259738,-0.054729
0.029733,-0.380186
0.509232,0.000000
0.371612,0.000000