#
0.025993,0.615669,0.275868,-0.641586,-0.236322,0.520752,-1.000000,-0.573030,0.422157,0.702982
1.000000,-0.148979,0.691914,-0.448921,0.712525,-1.000000,1.000000,1.000000,-0.180398,0.931801
0.994923,0.196896,-0.600596,-0.064939,-0.661772,0.542199,-0.903398,-0.211551,0.447974,0.607896
-0.233912,0.693348,1.000000,-0.667178,-0.848590,0.103361,0.953840,-0.623138,-0.956239,0.463408
-0.889542,0.665361,-0.285779,0.002309,-0.119811,-0.059075,1.000000,0.334167,0.854395,0.957260
0.539148,-0.995636,-0.390809,-0.038810,-0.523225,1.000000,0.744549,0.703640,1.000000,1.000000
-0.917615,0.260395,-0.518547,0.028411,0.261297,0.026909,-0.744493,-0.050233,0.866780,-0.147466
-0.742263,-0.321986,-0.258127,-0.381746,1.000000,0.047257,0.791268,0.819069,-0.251995,-0.739488
-0.158288,-1.000000,-0.258532,-0.063939,0.651733,0.916027,-0.281528,-0.658021,0.636068,-0.630136
1.000000,-0.320284,1.000000,-0.972615,0.084078,-0.810349,1.000000,0.174781,0.437407,-0.165644
-0.266882,1.000000,-0.639432,0.481854,0.664371,-0.153851,-0.962631,0.943146,-0.816283,0.027245
0.155858,-0.926532,-0.158701,-1.000000,-0.746084,0.340756,-0.925901,-0.291435,0.853521,0.036481
-1.000000,0.867446,-0.902395,0.406154,0.529621,-0.554927,0.969196,-0.862061,0.191487,-1.000000
-0.384513,1.000000,0.123749,-0.850399,-0.584541,-0.664771,0.594919,0.605125,-1.000000,0.168400
-0.061940,-0.292634,0.868356,-0.871819,-0.605876,0.074897,1.000000,0.766622,0.210344,-0.809853
-0.502623,-0.484725,-1.000000,-1.000000,-0.709133,0.158661,-0.795337,0.374334,0.723301,-0.050562
-0.350374,0.283989,-0.887121,-0.294071,0.742130,0.917346,-1.000000,-1.000000,1.000000,0.671885
-0.618690,0.336411,0.680713,-0.749246,-0.228675,-0.696873,-0.603830,-0.279866,0.240585,-0.522209
-0.949504,1.000000,-0.152167,0.253698,1.000000,0.036082,-1.000000,-0.368017,-0.126926,-0.424578
-1.000000,0.024390,-0.390649,0.080747,0.932790,1.000000,-0.732535,0.473239,-0.389512,1.000000
0.206653,0.600779,-0.654689,0.127837,-0.471345,-0.216404,-0.816868,-0.692248,0.421306,-0.969421
0.186405,1.000000,-0.881651,-0.452175,-0.647847,0.115344,-0.268683,0.232656,0.843375,-0.458311
-0.903242,1.000000,0.899431,0.335913,0.289968,0.051513,1.000000,0.748673,0.012583,-0.779459
0.313286,0.629336,1.000000,-0.352237,-0.056546,-0.323286,0.879833,-0.165852,-1.000000,-0.472821
-0.744485,0.004130,1.000000,0.581702,-0.923887,-0.542649,-0.110875,-0.545250,-0.438391,-1.000000
-0.504084,-1.000000,0.272365,-0.282251,-0.005691,1.000000,0.261618,-1.000000,-0.492297,0.682792
-0.173621,-0.702978,-0.092544,0.821775,0.682376,0.643583,0.115177,-0.007868,-0.210972,0.548438
-1.000000,-0.020383,-1.000000,-0.168953,-0.269403,-0.505366,-0.797423,0.175976,0.744487,-0.230963
0.710942,-0.324468,-0.669810,0.111216,-0.357079,-0.895358,0.220251,1.000000,-1.000000,0.543636
0.433811,0.272201,0.527178,0.766656,0.795305,0.050818,0.049078,0.839982,-0.779233,-0.716120
-0.176713,0.104942,-0.605694,0.649053,-1.000000,-0.165171,0.242736,0.075677,-0.287997,0.845957
0.965697,0.934433,0.757945,0.313646,0.049382,-0.008395,0.157025,0.998119,0.708493,0.416228
-1.000000,0.785028,-0.489426,0.382786,0.764516,-0.644717,-0.751884,-0.490437,0.844754,-1.000000
-0.162607,0.161213,0.129321,-1.000000,-0.085803,-0.151607,0.226082,0.607759,0.448876,-0.305248
-0.753767,-0.600923,0.047636,-0.850457,0.316627,0.812136,-1.000000,1.000000,1.000000,-0.000426
-0.685403,-0.448830,-1.000000,0.480981,0.573136,-1.000000,-1.000000,-0.561198,0.777614,-0.861276
1.000000,0.794575,-0.360357,1.000000,-1.000000,-0.637297,-0.116170,-0.076275,-0.146305,0.775621
-0.039022,1.000000,-0.948160,0.010339,-0.313859,0.413382,-0.264152,0.647628,0.037879,-0.662099
-0.691654,0.168627,-0.123907,-0.823856,0.056833,1.000000,0.403434,-0.180962,0.104145,-0.366363
-1.000000,1.000000,0.378260,-1.000000,0.441740,0.730463,1.000000,-0.272027,0.471367,-0.508249
0.316272,-0.945383,-0.231367,0.284206,0.429556,0.339362,0.694598,1.000000,-0.694439,-0.474917
-0.457537,0.440817,0.278366,0.661807,-0.161058,0.361138,1.000000,-0.001130,-1.000000,0.344613
1.000000,0.747405,1.000000,-0.002817,-0.718793,1.000000,-1.000000,0.636940,0.689880,-0.245363
-1.000000,-0.150198,-1.000000,-0.646762,0.403342,-0.708458,1.000000,0.670762,-0.041996,0.273305
0.464522,-0.929234,0.074688,-0.045370,0.135929,0.720643,-0.829516,0.079268,0.043168,0.374979
-0.363468,-0.025589,-0.032669,-0.463289,-1.000000,0.679757,1.000000,0.799779,-1.000000,0.111587
0.917855,0.384420,0.294420,1.000000,-0.613743,0.238060,-0.526360,1.000000,0.573159,0.970356
-0.723674,-1.000000,-0.073062,-0.096022,1.000000,-1.000000,0.546975,-0.569082,-0.486274,1.000000
0.348476,-0.147821,1.000000,0.296070,1.000000,0.569519,0.642145,0.010498,0.711911,-1.000000
0.611591,-1.000000,0.174008,1.000000,-0.123651,0.056404,-0.599449,0.091351,-0.006390,1.000000
-0.822647,0.682518,-1.000000,-0.273504,0.405570,0.416993,-0.810945,-0.663746,0.670319,0.720158
-1.000000,-0.891715,-0.650973,1.000000,0.826910,0.222785,0.828619,-0.207103,0.889225,-0.018576
-0.224604,-1.000000,0.426226,-0.378072,0.861186,0.347935,0.737484,-0.190816,1.000000,1.000000
-0.884251,1.000000,0.255664,-1.000000,-0.121799,0.853274,0.598913,1.000000,-0.781563,-0.881420
-1.000000,0.822420,-0.109450,-0.835653,0.033777,-0.525755,-0.375759,-0.899770,1.000000,-1.000000
1.000000,-0.647812,0.825149,-0.668557,-0.303715,-1.000000,-1.000000,-0.808581,-0.061391,0.261809
0.262514,1.000000,0.092674,0.771292,-0.763757,-0.425847,0.949066,0.695105,0.970260,-0.533365
0.419892,1.000000,-1.000000,0.086677,0.078957,-0.934868,-0.630096,-1.000000,0.321134,1.000000
1.000000,0.958655,-0.335145,0.506386,-0.486110,0.336133,0.327178,0.077212,-0.599189,-0.501427
-0.100360,-0.640043,-0.910875,0.185792,-0.139158,-1.000000,1.000000,-0.932232,-1.000000,-0.169611
-0.472065,-0.786341,1.000000,-0.826456,0.301942,-0.587758,-0.300925,-0.622107,0.425808,-0.988395
-0.747501,0.963356,0.437587,0.243718,0.231421,0.452406,0.947789,-0.482426,-0.325094,0.946972
0.496076,-0.304881,0.137950,-0.742040,-1.000000,-0.585387,0.856110,0.600665,-0.017494,-0.449353
#
-1.000000,0.055645
0.956606,-0.867819
1.000000,-0.691313
1.000000,-0.496552
0.256281,0.651786
0.183906,-0.007463
0.232645,0.278435
0.857000,0.935815
0.237633,-0.385926
-0.024676,-0.097262