#
0.895304,-0.852258,0.805223,0.860652,1.000000,-0.573515,0.152766,-0.925330,-0.212466,0.700799
-0.657057,0.068112,-0.233410,-0.366271,-0.974216,1.000000,0.525487,1.000000,1.000000,0.939559
-1.000000,-1.000000,-0.655623,-0.787481,0.086178,-0.834037,-0.449399,-0.041145,-0.251823,0.081646
-1.000000,-0.567098,0.453978,0.256940,-0.922963,1.000000,-0.440142,-0.668613,-0.776160,0.921507
0.818104,1.000000,0.577732,0.156516,1.000000,-0.059806,0.495799,1.000000,1.000000,0.064795
1.000000,-0.183695,-0.694892,-1.000000,-1.000000,-0.920990,-0.361151,0.613900,1.000000,0.670321
0.680660,0.844082,-0.460841,-0.058325,-0.038215,1.000000,-0.474321,-0.878931,1.000000,0.514121
0.610954,1.000000,-0.136392,0.735765,0.712506,1.000000,-0.785571,-0.868170,-0.599638,-0.768789
0.293163,-1.000000,0.551245,0.058063,-0.636703,-1.000000,-1.000000,0.284642,0.766213,0.774656
-0.325993,-0.855700,-0.995051,1.000000,0.864731,-1.000000,-0.196096,-0.938600,-0.037416,0.071836
-0.810169,0.677475,-0.565156,-0.678971,-1.000000,-0.737888,0.787015,-1.000000,-0.227587,-0.816658
0.128649,0.434370,0.880767,-0.777135,0.957208,-0.761131,-1.000000,-0.020354,-0.522322,0.115024
1.000000,0.408587,-0.699019,-1.000000,0.012783,-0.383528,0.500919,-0.822897,-0.168048,-0.009128
0.576365,1.000000,0.116859,-0.417715,-0.868533,0.988174,-0.885106,0.987362,-0.628654,0.756214
0.114267,0.632761,0.243314,-0.357293,0.408615,0.223733,-0.674890,1.000000,0.481470,1.000000
0.398691,0.423568,-0.528660,1.000000,-1.000000,0.450925,-0.736882,0.289674,-0.083664,-0.496684
0.560006,0.785743,-0.332088,-0.084333,0.004093,0.467220,0.367879,0.208140,0.443134,-0.271407
-0.554091,0.917749,0.147585,0.221060,0.689992,0.947785,0.401971,-0.131129,1.000000,-0.389077
0.070941,-0.844255,-1.000000,0.371939,1.000000,1.000000,1.000000,-0.827052,0.862746,-0.996969
0.051703,-0.319660,0.357638,0.071795,1.000000,0.093272,-0.083120,-0.514653,-0.917325,0.176629
-0.554646,1.000000,-0.781313,0.667290,0.121454,0.724452,-0.233038,-0.390981,0.803473,-0.756828
0.378075,-0.313248,0.147375,-0.528703,-1.000000,0.825345,1.000000,1.000000,0.881574,-0.546651
0.676046,-0.849272,-1.000000,0.346475,0.946600,0.442388,0.218142,-0.835725,0.940065,-0.789041
0.617174,0.239818,-0.250180,0.846559,0.275861,0.753302,0.391834,-0.263345,1.000000,0.991202
0.712617,-0.929472,0.889808,0.478936,-0.382031,-0.614673,-1.000000,0.676748,0.848239,0.979404
-1.000000,0.503130,0.161518,-0.375225,1.000000,-0.139343,0.391339,-0.205753,-0.050919,0.251406
-0.404253,-0.115030,-0.551549,-0.328600,-0.089167,0.793319,1.000000,0.828028,-0.173741,-0.740866
0.528114,-0.975254,-0.191086,-0.419497,0.377862,-0.063228,-0.481110,-0.085332,0.606564,-0.844902
0.376244,1.000000,0.676008,-0.291439,-0.973153,1.000000,-0.475749,-1.000000,0.011281,0.650988
0.435472,0.897138,0.186848,0.190760,0.828055,-0.479035,0.314533,0.640082,0.364174,0.290775
-0.188174,-0.192257,-0.371384,-1.000000,-0.109541,0.807755,0.559621,-1.000000,0.294453,-0.627778
-1.000000,-0.236728,0.746429,0.348237,1.000000,-0.222913,0.850442,0.452620,0.222302,0.807421
0.258337,-0.171694,0.712980,-0.225100,0.308384,0.899460,-0.011955,1.000000,-0.632773,0.436362
-0.691158,-0.627102,0.195157,-0.808367,1.000000,1.000000,0.966331,0.810866,-0.007028,1.000000
0.692077,-0.575497,-0.260290,-1.000000,-0.709449,1.000000,0.503324,-1.000000,0.612127,-1.000000
-0.758274,-1.000000,0.252405,-0.506370,-0.960827,0.547313,0.630447,0.856967,-0.156031,-0.666858
0.071114,-0.607267,-1.000000,-1.000000,-0.394827,-0.209200,0.423684,1.000000,-1.000000,-1.000000
-0.682824,0.758109,-0.565439,0.613140,-0.797496,-0.687011,0.137826,-0.234824,-0.617512,0.604753
-1.000000,0.335492,-0.669196,0.455917,0.402947,-0.821929,-0.761215,0.075381,0.037466,-0.578002
-0.990350,0.907094,-0.704868,-0.626409,-0.035727,-0.080545,-1.000000,1.000000,1.000000,-1.000000
-0.508564,-0.967005,-1.000000,0.055201,0.821832,0.740957,-0.234200,0.475752,0.299615,1.000000
-0.543380,-1.000000,0.876170,0.973280,-0.764575,0.039611,0.170147,-0.857704,0.422438,-0.947526
0.616161,-0.284929,1.000000,0.618253,0.057239,-0.523691,-1.000000,0.764194,0.256085,0.727849
0.699317,-0.275804,0.615325,-1.000000,0.055205,0.166083,0.104621,-0.860829,0.231388,-0.700618
0.489058,-1.000000,-0.908007,0.773171,0.684911,0.145670,0.389992,0.753129,0.334074,0.600712
0.574621,-0.495901,-0.044929,0.402426,-0.034412,0.185199,1.000000,-0.960389,-0.945334,0.901102
0.320588,-0.512211,0.015828,1.000000,0.409045,0.438883,1.000000,-0.483394,-0.140534,0.267619
-0.138824,-1.000000,-0.956134,-0.180557,-0.052716,0.187083,-0.331792,0.643405,0.874193,0.257074
-0.007144,-0.210785,-0.644898,0.753001,-0.738774,0.982507,0.657305,-0.666498,0.450893,-0.351818
-1.000000,0.408371,-0.752032,0.770092,-0.535196,-0.451995,-0.332607,-0.255762,1.000000,-0.375344
-0.232857,-0.755232,0.180709,-0.698127,0.768339,0.090380,-1.000000,0.882695,-0.554790,-0.169535
1.000000,-0.413945,0.254184,-0.817919,-0.457935,0.751688,-0.578856,0.690966,-0.907162,-0.050998
0.347311,-0.882200,-0.828158,-0.541874,-0.104413,0.673594,-0.132583,-1.000000,-0.157787,1.000000
0.651186,0.550050,-1.000000,0.827981,0.669547,-0.934641,0.290657,0.418231,0.753891,0.853361
-1.000000,0.443486,1.000000,-0.709787,-0.400943,-1.000000,-0.518856,-0.261438,0.245458,0.615933
-0.384273,-0.480641,0.214208,1.000000,0.203297,0.365587,-0.085307,0.486914,0.146756,1.000000
-0.121825,-1.000000,-0.211966,0.868659,0.278626,1.000000,-1.000000,-0.766247,-0.441087,-0.001742
-0.429138,-0.151901,0.805380,-0.989103,-1.000000,-0.049408,0.419654,0.065195,0.332940,-0.212117
-0.937183,-0.330156,0.866622,1.000000,0.885291,0.537878,-1.000000,-1.000000,0.282926,0.274278
-1.000000,-0.550667,-1.000000,0.819646,0.777162,0.852486,-0.110014,0.186061,-0.975110,-0.001477
-1.000000,-0.409514,-1.000000,-0.691366,0.310038,-0.032179,0.878232,-1.000000,0.592949,0.612306
-1.000000,-1.000000,0.199992,-0.699118,0.557282,-1.000000,0.173319,0.477400,-0.865543,-0.668315
0.833315,-0.829346,-0.854172,-0.057511,1.000000,-0.729450,-0.290310,-0.921712,-0.962004,-0.496547
#
-0.020128,-0.317732
-0.713672,-0.368591
0.978058,-0.515371
-0.693341,-0.385800
0.298758,0.226573
-0.545821,0.114856
1.000000,0.576837
0.395511,-0.855333
-0.166624,0.904128
-0.377222,-0.830283