#
-1.000000,-0.612305,-0.244911,-0.154735,-0.676684,0.515295,-0.441794,-0.950822,-1.000000,0.197561
0.115847,0.987448,0.425109,0.790209,-1.000000,0.709185,0.982777,1.000000,0.156022,0.395405
-0.228129,0.147248,-0.475208,-0.984268,-0.041253,0.298356,-0.219758,1.000000,0.887399,0.467861
-1.000000,0.377402,-1.000000,-0.070413,0.860585,-0.701322,-0.754910,0.816932,-0.446073,1.000000
1.000000,-0.640434,-0.914904,0.911452,0.189363,-0.721765,-1.000000,0.581410,0.378353,0.869368
1.000000,0.515682,-0.616089,-0.066971,0.783554,-1.000000,0.308765,0.562996,0.542584,-0.509568
0.011387,0.653281,-0.349515,-0.919007,-0.865633,-1.000000,-0.510828,-1.000000,-0.908084,0.070643
-0.100946,-0.503271,-0.637665,-0.322989,-0.628417,0.093738,1.000000,-0.559104,0.074267,-0.567596
0.845372,-0.741717,0.027797,-0.215734,-0.982696,0.695260,-0.357286,-1.000000,0.065254,0.389999
-1.000000,-0.397041,-0.498300,-0.252559,0.093354,-0.532726,-1.000000,0.599013,-0.987313,0.464305
0.032277,1.000000,-1.000000,-0.183357,1.000000,-0.340832,0.607782,-0.766626,-1.000000,-0.068632
0.834224,-0.403429,0.807000,0.703076,-0.947609,-1.000000,-0.923801,1.000000,0.538306,-0.750728
0.625945,0.849271,-1.000000,-0.070306,0.230714,1.000000,-0.400475,-0.617051,-1.000000,-0.640908
-0.507862,-1.000000,-0.542284,-0.084220,-0.361091,-0.608276,-0.971838,-1.000000,-0.750114,-0.091524
-0.988308,-1.000000,-0.958411,-0.071232,0.640317,-0.106121,0.657863,0.052153,-0.065478,0.697386
-0.409391,-0.044122,-0.044996,-0.468217,0.431416,0.734752,0.880569,-0.494954,-0.538822,1.000000
0.822543,0.603329,-0.949723,-0.701979,0.456367,-0.172348,0.597663,-0.992357,-0.630813,0.952412
0.097182,0.895368,-0.442499,0.779094,0.163865,0.338683,-0.019493,0.728965,1.000000,0.000405
-0.864170,0.981631,-0.351686,0.097441,-0.126687,-0.503537,-0.653579,-0.841846,-0.828442,-0.318686
0.555731,-0.240779,0.273337,-0.642643,-0.424124,-0.267418,0.225186,-0.086925,0.490090,-0.984576
-0.554984,0.655506,1.000000,0.151235,-0.945058,0.603971,0.799183,0.433240,-0.909324,0.319178
0.468135,-0.795240,0.640168,0.374167,0.423668,0.678697,0.041674,1.000000,-0.870213,1.000000
0.360911,0.891006,0.549317,0.199650,0.618152,0.221554,0.223140,0.168783,-0.982995,0.870840
0.261250,-0.283597,-0.149496,-1.000000,-1.000000,0.451571,-0.226308,-0.836315,0.389665,0.106423
0.650769,0.062298,-0.391095,-0.910905,0.965048,-0.563226,-0.914804,0.674212,1.000000,0.547465
1.000000,-0.575780,-0.149454,0.733612,-0.527531,-1.000000,0.645748,0.597109,0.072860,-0.429056
-0.192133,-0.473173,0.055091,-1.000000,0.504644,0.042084,-0.141394,-0.957625,0.915148,-0.388452
1.000000,-0.505622,-0.031899,-1.000000,-0.491769,-0.792259,0.621537,-0.263028,0.785301,0.661491
0.827045,-0.241441,1.000000,-0.119730,-0.828483,0.509348,0.762183,-0.660508,0.444638,-0.414793
1.000000,0.266423,0.072375,1.000000,0.438924,0.528687,-0.247516,-0.436038,-0.627687,0.188882
1.000000,-1.000000,-1.000000,0.530240,-0.776753,-0.232055,0.393739,-0.218741,-0.713981,0.291971
-0.597588,0.474761,-0.391664,1.000000,-0.625358,-0.091430,1.000000,0.453142,0.967122,-0.183570
0.683468,0.110551,-0.889156,0.305551,-0.327549,-0.274566,-0.116436,0.863694,0.486242,1.000000
-0.808251,-0.936254,-0.704403,-0.287010,0.297019,-0.830562,-1.000000,-0.152132,-0.104874,0.201639
-0.736538,-0.200218,0.834872,-0.141376,1.000000,-0.581380,0.372537,-1.000000,0.416825,-0.021477
-1.000000,0.594896,-0.438885,-0.193201,-0.472338,-0.183995,0.593521,-0.653815,0.853035,0.287082
0.134987,-0.284418,-0.429017,-1.000000,-1.000000,-0.047883,0.421392,0.037029,0.712750,0.296544
1.000000,0.131238,0.334528,-0.425771,0.558420,0.897795,0.436012,1.000000,-0.331508,-0.435928
0.327828,-0.651930,0.045995,0.179486,-1.000000,-1.000000,-0.825910,-0.879240,0.210781,-0.249227
1.000000,0.524060,-0.810011,1.000000,-0.494836,-0.180726,-1.000000,-0.503464,-0.079502,-0.500698
-0.379139,0.476426,0.152475,-0.132006,-0.325750,-0.504436,0.255481,1.000000,0.037673,-0.775821
0.090252,-1.000000,-0.931045,-0.915790,-0.557296,-0.849061,-0.377689,-0.119485,1.000000,0.716316
0.321220,-0.885194,1.000000,-0.313538,0.537846,0.416440,-0.881403,-0.680450,0.466834,-0.131583
0.931089,-1.000000,-0.290093,-1.000000,0.052386,-0.009630,0.595923,0.571129,-0.058197,0.060978
-0.509476,-0.204441,-0.798964,-0.158448,0.297404,-0.843705,-0.457710,-0.236026,0.794023,1.000000
0.911790,-0.917382,0.113072,1.000000,0.487981,0.015686,0.822374,-1.000000,-0.639428,1.000000
1.000000,0.982951,0.939435,-0.183673,0.005959,-1.000000,0.125914,-0.310180,0.855955,-0.329372
-1.000000,-0.235770,0.989298,0.008818,-0.746267,0.634149,-0.569179,0.488361,-0.956618,-1.000000
-0.577807,-0.311238,0.278023,0.669527,0.758589,0.914317,-0.737917,0.493763,-0.063273,-0.724325
-0.673314,-0.715137,-1.000000,-0.149172,-1.000000,-0.357422,0.787223,-0.449614,0.951833,-0.062288
1.000000,0.120637,0.402479,0.628327,-0.005057,1.000000,-0.108529,-0.369274,-0.527488,1.000000
-1.000000,-0.476777,-1.000000,0.905162,-0.360777,0.576604,0.925944,0.885894,0.053895,0.819441
0.908887,0.989162,0.821181,-1.000000,0.762227,-0.384061,-0.222969,-0.565435,1.000000,0.728279
-0.905600,0.483986,-0.757684,0.336302,-1.000000,0.266881,0.327984,0.264406,0.924996,-0.376696
0.585479,0.657826,0.720639,0.991469,-1.000000,-1.000000,-0.542914,0.149933,0.950601,-0.848666
-0.151010,0.086677,-0.163235,0.881917,0.028074,1.000000,0.782405,-0.487815,-0.654178,-0.399539
-1.000000,-0.608185,0.180683,0.363949,0.837897,-1.000000,0.270852,0.212866,1.000000,1.000000
-0.620764,-0.244026,-1.000000,-0.701788,1.000000,-1.000000,0.714819,0.511486,-0.963052,0.234815
0.892460,1.000000,-0.591566,0.874845,-0.892065,0.514227,-0.594753,0.323167,0.980811,0.677551
0.675008,0.593441,0.945262,-0.585099,0.442056,-0.639999,0.659451,0.696988,0.070194,-1.000000
0.482237,-0.194858,1.000000,0.638320,-0.868256,0.478922,-0.229148,0.620393,-0.764237,-1.000000
0.469769,-0.568813,0.296124,1.000000,0.072284,0.986410,0.712691,-0.123098,0.068078,-0.355841
-0.675324,-0.299702,-0.367166,0.594729,0.152243,-0.860241,0.741846,-0.253426,0.258597,-0.383512
#
0.372601,0.287396
0.735654,-0.306685
0.988591,-1.000000
0.383014,-0.054977
0.170103,-1.000000
-0.033005,1.000000
-1.000000,0.620536
1.000000,0.212476
-0.144894,0.146572
1.000000,1.000000