#
0.000000,0.000000,0.000000,0.000000,0.000000,0.000000,0.000000,0.000000
0.000000,0.000000,0.000000,0.000000,0.000000,-0.212438,-0.030221,0.000000
0.000000,0.000000,0.000000,0.000000,0.000000,0.000000,0.000000,0.000000
0.000000,-0.029235,0.089295,-0.065180,0.000000,0.000000,-0.261081,0.000000
0.000000,0.000000,0.000000,0.000000,0.000000,0.000000,0.000000,0.000000
0.000000,0.000000,0.000000,0.000000,0.000000,0.000000,0.000000,0.000000
0.000000,0.000000,-0.348910,0.000000,0.089155,0.000000,0.000000,0.000000
0.000000,0.000000,0.000000,0.000000,-0.065104,0.136930,-0.318599,-0.159541
-0.094919,0.522981,-0.126107,0.000000,0.000000,0.000000,0.349736,-0.140983
0.000000,0.000000,0.000000,0.000000,0.502495,0.430468,0.000000,0.000000
0.000000,0.000000,0.000000,-0.023325,0.000000,-0.006144,0.000000,0.000000
0.000000,0.000000,0.000000,0.000000,0.000000,0.000000,0.000000,0.000000
0.000000,0.000000,0.000000,0.000000,0.000000,0.000000,0.477815,0.000000
-0.174794,0.000000,0.000000,0.110178,0.000000,0.000000,0.000000,0.120093
-0.233708,-0.135667,0.000000,0.000000,-0.087597,0.272622,0.165691,0.141548
0.000000,-0.092422,0.000000,0.000000,-0.007340,0.201565,0.000000,0.052893
-0.093886,0.000000,0.000000,0.000000,0.000000,-0.311242,0.000000,0.000000
0.000000,0.000000,0.000000,0.000000,0.000000,0.000000,0.000000,0.000000
0.000000,0.000000,0.000000,0.000000,0.040561,0.000000,0.000000,0.107804
0.000000,0.000000,0.000000,0.000000,-0.149738,0.000000,0.000000,0.000000
0.000000,0.000000,0.000000,0.000000,0.000000,0.000000,0.000000,0.000000
0.000000,0.000000,0.000000,0.000000,0.000000,0.000000,0.000000,-0.075049
0.000000,0.000000,0.000000,0.000000,0.000000,0.000000,0.110207,0.000000
0.193940,0.000000,0.068784,0.000000,0.000000,0.000000,0.000000,0.000000
0.000000,0.000000,-0.395118,0.000000,0.000000,0.000000,0.000000,0.000000
0.000000,0.213445,0.000000,-0.071257,0.244021,0.000000,0.000000,0.000000
0.000000,0.000000,0.000000,0.000000,0.000000,0.000000,0.000000,0.000000
0.000000,0.000000,0.000000,0.074707,0.000000,0.000000,0.000000,0.000000
0.000000,0.000000,0.000000,0.000000,0.000000,0.000000,0.000000,0.000000
0.000000,0.000000,0.000000,0.013728,0.000000,0.000000,0.000000,0.000000
0.000000,0.000000,0.000000,0.000000,0.000000,0.000000,0.000000,0.253416
0.000000,0.000000,0.000000,-0.059289,0.000000,0.000000,0.000000,0.000000
0.094760,0.000000,0.000000,0.000000,0.172448,0.000000,0.000000,0.000000
0.000000,-0.396886,0.000000,0.000000,0.000000,-0.436002,0.000000,0.000000
0.000000,0.000000,0.000000,0.000000,0.000000,-0.073666,0.000000,0.000000
0.000000,0.000000,0.000000,0.000000,0.000000,0.000000,0.000000,0.000000
0.000000,0.000000,0.000000,0.000000,0.000000,0.000000,0.000000,0.000000
-0.187768,0.276151,0.000000,0.186194,0.000000,0.000000,0.000000,0.244235
0.000000,0.000000,0.000000,0.000000,0.066043,0.000000,0.000000,0.000000
0.000000,0.000000,0.430805,0.000000,0.000000,0.000000,-0.475098,-0.399952
0.000000,0.000000,0.000000,0.000000,0.000000,0.000000,0.000000,0.000000
0.158437,0.000000,0.000000,0.041548,-0.024035,0.000000,0.000000,0.000000
0.000000,0.000000,0.000000,0.000000,0.252173,0.000000,0.000000,0.000000
0.000000,0.000000,0.000000,0.000000,0.000000,0.000000,0.000000,0.000000
-0.039155,0.000000,0.000000,-0.283651,0.000000,0.000000,0.000000,0.000000
0.000000,0.138616,0.000000,0.000000,0.000000,0.000000,0.000000,0.000000
0.000000,0.000000,0.000000,0.000000,0.000000,0.000000,0.000000,0.000000
0.000000,0.000000,-0.171741,0.000000,0.000000,0.000000,0.000000,0.000000
-0.214191,0.000000,0.000000,0.189518,0.000000,0.000000,0.000000,0.000000
0.000000,0.000000,0.000000,0.000000,0.000000,0.000000,0.000000,0.000000
0.000000,0.000000,0.000000,0.000000,0.000000,0.000000,0.000000,0.000000
0.000000,0.000000,0.000000,0.000000,0.000000,0.000000,0.069179,-0.095750
0.000000,-0.211285,0.150659,0.000000,0.000000,0.000000,0.000000,0.000000
0.000000,-0.159960,0.000000,0.000000,0.000000,0.000000,0.000000,0.000000
0.000000,0.000000,0.000000,0.000000,0.000000,0.050456,0.000000,-0.399311
0.000000,0.000000,0.000000,0.000000,0.000000,-0.246673,0.167007,-0.151550
0.000000,0.000000,0.000000,-0.316531,0.000000,0.000000,0.000000,0.000000
0.000000,0.210974,0.000000,0.000000,-0.145252,0.000000,0.207244,0.000000
0.000000,0.000000,0.000000,0.000000,0.000000,0.000000,0.288913,-0.120263
0.000000,0.154609,-0.113035,0.000000,0.000000,0.000000,0.000000,0.000000
0.000000,0.000000,0.000000,0.000000,0.050723,0.000000,0.000000,0.000000
0.000000,0.191194,-0.009870,-0.110468,0.000000,0.000000,0.000000,0.000000
0.000000,0.000000,0.000000,-0.108638,0.000000,0.270488,-0.014253,0.000000
#
0.074906,0.043041,-0.677927
0.390408,0.256206,-0.242648
0.463021,0.114980,0.135238
0.134255,-0.034292,-0.354329
-0.134791,0.394998,0.274761
-0.607607,0.455975,0.254744
-0.153752,0.387007,0.464583
-0.268653,-0.727634,0.164356