#
0.090480,0.281356,0.744948,0.000000
-0.041556,-0.166714,-0.135702,0.205042
-0.031713,0.000000,0.725348,-0.171562
0.048412,0.408354,-0.389948,0.290445
-0.903642,0.062216,-0.127926,0.719904
0.149985,-0.030185,-0.623651,-0.543845
-0.402819,0.105615,0.217097,0.031222
0.492046,-0.096992,0.358632,-0.183465
-0.295273,-0.304139,-0.164522,-0.043132
#
0.535281,0.030290,-0.138609,-0.316130,-0.155792
-1.000000,0.821602,0.443433,-0.645719,0.056780
0.233927,0.218301,-0.809246,-0.323293,-0.308161
-0.176449,-0.164200,0.716845,0.477969,-0.563815
#
-0.423808,-0.789977,0.138008
-0.298913,0.106478,0.282560
0.228099,-0.147239,0.672772
0.159150,-0.693667,-0.389393
0.253789,-0.601185,-0.388555