#
0.000000,0.000000,0.000000,0.000000
0.000000,0.000000,0.000000,0.000000
0.000000,0.000000,0.000000,0.000000
0.000000,0.000000,0.000000,0.000000
0.000000,0.000000,0.000000,0.000000
0.000000,0.000000,0.000000,0.000000
0.000000,0.000000,0.000000,0.000000
0.000000,0.000000,0.000000,0.000000
0.000000,0.000000,0.000000,0.000000
#
0.000000,-0.070798,0.000000,0.000000,0.000000
0.000000,0.000000,0.000000,0.000000,0.000000
0.000000,0.000000,0.000000,0.000000,0.000000
0.000000,0.000000,0.000000,0.000000,0.000000
#
0.000000,0.036442,0.000000
0.000000,0.000000,0.000000
0.071172,0.000000,0.000000
0.000000,0.000000,0.000000
0.000000,0.000000,0.000000