#
0.089650,0.117820,-0.243256,-0.410703
-0.073112,0.268485,-0.134375,0.337306
-0.441291,-0.303098,0.550905,-0.647400
-0.188668,0.000986,-0.734501,0.037402
-0.360991,0.267113,0.057953,0.213546
1.000000,-0.174033,0.637496,-0.181084
-0.427680,-0.460061,-0.081899,-0.079490
-0.097424,0.331954,-0.267236,-0.992077
-0.344283,-0.082557,-0.179791,-0.184628
#
0.665218,-0.354594,0.851707,0.211411,0.321597
0.223171,0.428994,-0.196427,1.000000,0.076004
0.171639,1.000000,0.520830,0.122666,-0.371405
-0.078219,0.192878,0.429307,-1.000000,-0.211434
#
0.532420,-0.404698,-1.000000
0.128827,0.506867,-0.966061
0.214460,0.984346,0.123280
-0.447295,-0.543213,0.924998
-0.855540,0.523512,0.374985