#
0.000000,0.000000,0.000000,0.000000
0.000000,0.000000,0.000000,0.000000
0.000000,0.000000,0.000000,0.000000
0.000000,0.000000,0.000000,0.000000
0.000000,0.000000,0.000000,0.000000
0.000000,0.000000,0.000000,0.000000
0.000000,0.000000,0.000000,0.000000
-0.201766,0.000000,0.000000,0.000000
0.000000,0.000000,0.000000,0.000000
#
0.000000,0.000000,0.000000,0.000000,0.000000
0.000000,0.202236,-0.102877,0.000000,0.000000
0.000000,0.000000,0.000000,0.000000,0.000000
0.000000,0.000000,0.000000,0.000000,0.000000
#
0.000000,-0.236298,0.000000
0.000000,0.000000,0.000000
0.000000,0.000000,0.000000
0.000000,0.000000,0.000000
0.000000,0.000000,0.000000