#
0.000000,0.000000,-0.529881,0.000000
0.496828,0.007019,0.493038,0.274950
0.043811,0.000000,0.071858,0.166557
-0.033397,-0.176258,-0.134050,-0.337979
-0.085540,-0.202584,0.000000,-0.001718
-0.114276,0.325581,0.053322,0.109285
-0.117582,-0.703469,0.000000,-0.063207
0.240380,0.000000,0.000000,0.149333
0.000000,-0.015636,-0.410297,-0.553862
#
-0.002232,-0.196880,0.035205,0.358732,0.069027
0.398294,-0.435161,-0.015817,-0.260416,-0.019903
0.125598,0.605744,0.052311,-0.244950,0.760467
0.000000,0.116848,0.096109,-0.212207,0.240912
#
0.392473,0.008100,-0.649070
0.000000,0.286722,0.744325
-0.356570,0.563541,0.060601
0.266232,-0.371380,-0.352879
0.246272,-0.307352,0.000000