#
0.000000,0.000000,0.000000,0.000000
0.000000,0.000000,0.000000,0.000000
0.000000,0.000000,-0.084676,0.000000
0.000000,0.000000,0.000000,0.000000
0.000000,-0.184988,0.000000,-0.429245
0.000000,0.000000,0.000000,0.000000
0.000000,0.000000,0.000000,0.000000
0.000000,0.000000,0.093259,0.000000
0.000000,0.000000,0.000000,0.000000
#
0.000000,0.000000,0.000000,0.000000,0.000000
0.000000,0.000000,0.080482,0.000000,0.000000
-0.235927,0.000000,0.000000,0.000000,0.000000
0.000000,0.000000,0.000000,0.000000,0.000000
#
0.000000,0.000000,0.000000
-0.090902,0.000000,0.000000
0.000000,0.000000,-0.295199
0.000000,0.000000,0.000000
0.000000,0.000000,0.000000