#
0.260681,0.135441,0.053209,0.000000
0.084851,-0.299335,0.561778,0.293732
-0.154715,0.000000,-0.888331,0.596833
0.792477,0.602997,0.460170,0.184320
-0.577467,0.086895,0.289667,-0.296496
0.162047,0.066051,-0.004927,-0.367563
0.000000,0.272658,0.000000,-0.308312
0.150051,0.336974,-0.426506,0.101790
0.349512,-0.458386,-0.574903,0.222637
#
0.068277,0.786781,-0.197826,0.182743,0.363818
0.122566,0.122183,-0.091796,0.276497,0.731303
-0.192921,0.341930,0.137244,0.475233,0.024469
-0.036841,-0.288757,-0.339661,0.418668,-0.335973
#
-0.159820,-0.342986,0.061003
-0.516376,-0.730454,0.416421
0.318898,0.222332,-0.868731
0.768629,-1.000000,0.103338
0.014670,-0.064335,0.022268