#
-1.000000,-0.336203,0.483260,-1.000000,0.489557,-0.638884,0.205339,-0.744753
0.050251,-0.648886,-0.377570,-0.488078,-0.738355,0.884417,0.125367,-0.148835
0.993019,-0.362171,0.338213,-0.296835,-0.794412,1.000000,1.000000,-0.303656
0.820006,-0.137347,-0.402290,-0.276829,0.090308,0.859459,0.412659,-0.209590
-0.307373,0.340357,0.218784,0.636483,-0.467746,0.017986,-0.600467,0.197908
0.293524,-0.217481,1.000000,-0.704278,0.032601,-1.000000,-0.577305,-0.193996
-0.645481,0.965490,-0.733820,-0.445134,-1.000000,0.718491,0.159027,-0.567326
0.209612,-0.529503,-0.304267,-0.238384,0.387812,0.377217,-0.160444,-0.006999
-0.193437,-0.298294,-0.063627,-0.606175,-1.000000,-0.262571,-0.945666,0.507715
#
-0.436657,-0.282647,0.164740
0.591444,0.132227,1.000000
0.245851,1.000000,-1.000000
0.029500,-0.628690,0.617821
-0.090277,0.448972,0.711394
-0.921121,0.694162,0.967860
-0.628840,-0.109318,0.371016
-0.689987,0.364548,-0.151868