#
-0.340660,0.361045,-0.294187,-0.049602,-0.134481,-0.339595
-0.744282,-1.000000,0.802293,0.649300,0.196016,0.354346
-0.031276,-1.000000,-0.040359,-0.220174,0.344398,0.065225
-0.673497,0.097448,0.810746,-0.009635,0.244168,-1.000000
0.195213,0.031297,0.475676,-0.851010,0.509001,-1.000000
-0.338221,0.012893,0.245363,-0.763417,-0.922458,-0.384105
0.534265,0.984874,0.710036,-1.000000,0.073865,0.427460
-0.046859,0.003751,-0.237562,-0.618730,0.722358,-0.173763
-0.451161,-0.491663,1.000000,-0.112580,0.255433,-0.083551
0.696142,-0.931280,0.321897,0.665639,-0.385799,-0.894416
-1.000000,0.676946,-0.363410,-0.563144,-0.361762,-0.949520
0.579026,0.569603,-0.901459,-0.761725,0.043987,-0.219295
0.335025,0.416546,0.224158,-0.004545,-0.878034,0.229937
-0.990604,-0.774077,0.280828,0.978053,0.940615,0.118979
1.000000,0.044911,0.561544,-1.000000,0.293205,-0.033507
-0.086476,-0.471664,-0.518918,-0.826776,0.023129,0.305561
-1.000000,0.473563,-0.184809,0.205081,-1.000000,0.819782
-0.213491,0.352203,-0.197905,-0.318562,-0.217214,-0.042201
1.000000,0.893810,-0.320880,0.079998,-0.230720,0.395763
-0.620622,0.041852,-0.361959,-0.473172,0.562267,0.156381
0.101627,-0.777077,0.062469,0.022901,-0.046339,1.000000
-0.659298,1.000000,0.716621,0.198603,0.066375,0.227513
-0.275445,-0.519309,-0.485144,-1.000000,0.624489,-1.000000
-0.259880,-0.137240,0.875702,0.406941,-0.190679,0.000000
0.700469,0.306479,0.676422,0.275394,-0.890988,0.416386
#
1.000000,-0.467952,-0.014364
0.946591,-0.898311,-0.671210
0.089461,-0.562158,0.134835
-0.452707,0.095003,0.103617
-0.701014,-0.348803,1.000000
0.616607,0.257529,-0.606679